1500,10,0,2000,0
1500,10,0,2000,0
1500,10,0,2000,0
1090,10,38,2000,0
1080,10,38,2000,0
1070,10,38,2000,0
1060,10,38,2000,0
1050,10,38,2000,0
1040,10,38,2000,0
1030,10,38,2000,0
1020,10,38,2000,0
1010,10,38,2000,0
1000,10,38,2000,0
990,10,38,2000,0
980,10,38,2000,0
970,10,38,2000,0
960,10,38,2000,0
950,10,38,2000,0
940,10,38,2000,0
930,10,38,2000,0
920,10,38,2000,0
910,10,38,2000,0
900,10,38,2000,0
890,10,38,2000,0
880,10,38,2000,0
870,10,38,2000,0
860,10,38,2000,0
850,10,38,2000,0
840,10,38,2000,0
830,10,38,2000,0
820,10,38,2000,0
810,10,38,2000,0
800,10,38,2000,0
790,10,38,2000,0
780,10,38,2000,0
770,10,38,2000,0
760,10,38,2000,0
750,10,38,2000,0
740,10,38,2000,0
730,10,38,2000,0
720,10,38,2000,0
710,10,38,2000,0
700,10,38,2000,0
690,10,38,2000,0
680,10,38,2000,0
670,10,38,2000,0
660,10,38,2000,0
650,10,38,2000,0
640,10,38,2000,0
630,10,38,2000,0
620,10,38,2000,0
610,10,38,2000,0
600,10,38,2000,0
590,10,38,2000,0
580,10,38,2000,0
570,10,38,2000,0
560,10,38,2000,0
550,10,38,2000,0
540,10,38,2000,0
530,10,38,2000,0
520,10,38,2000,0
510,10,38,2000,0
500,10,38,2000,0
490,10,38,2000,0
480,10,38,2000,0
470,10,38,2000,0
460,10,38,2000,0
450,10,38,2000,0
440,10,38,2000,0
430,10,38,2000,0
420,10,38,2000,0
410,10,38,2000,0
400,10,38,2000,0
390,10,38,2000,0
380,10,38,2000,0
370,10,38,2000,0
360,10,38,2000,0
350,10,38,2000,0
340,10,38,2000,0
330,10,38,2000,0
320,10,38,2000,0
310,10,38,2000,0
300,10,38,2000,0
290,10,38,2000,0
280,10,38,2000,0
270,10,38,2000,0
260,10,38,2000,0
250,10,38,2000,0
240,10,38,2000,1
230,10,38,2000,1
220,10,38,2000,1
210,10,38,2000,1
200,10,38,2000,1
190,10,38,1090,1
180,10,38,1080,1
170,10,38,1070,1
160,10,38,1060,1
150,10,38,1050,1
140,10,38,1040,1
130,10,38,1030,0
120,10,38,1020,0
110,10,38,1010,0
100,10,38,1000,0
90,10,38,990,0
80,10,38,980,0
70,10,38,970,0
60,10,38,960,0
50,10,38,950,0
40,10,38,940,0
30,10,38,930,0
20,10,38,920,0
10,10,38,910,0
0,10,38,900,0
-10,10,38,890,0
-20,10,38,880,0
870,10,38,2000,0
860,10,38,2000,0
850,10,38,2000,0
840,10,38,2000,0
830,10,38,2000,0
820,10,38,2000,0
810,10,38,2000,0
800,10,38,2000,0
790,10,38,2000,0
780,10,38,2000,0
770,10,38,2000,0
760,10,38,2000,0
750,10,38,2000,0
740,10,38,2000,0
730,10,38,2000,0
720,10,38,2000,0
710,10,38,2000,0
700,10,38,2000,0
690,10,38,2000,0
680,10,38,2000,0
670,10,38,2000,0
660,10,38,2000,0
650,10,38,2000,0
640,10,38,2000,0
630,10,38,2000,0
620,10,38,2000,0
610,10,38,2000,0
600,10,38,2000,0
590,10,38,2000,0
580,10,38,2000,0
570,10,38,2000,0
560,10,38,2000,0
550,10,38,2000,0
540,10,38,2000,0
530,10,38,2000,0
520,10,38,2000,0
510,10,38,2000,0
500,10,38,2000,0
490,10,38,2000,0
480,10,38,2000,0
470,10,38,2000,0
460,10,38,2000,0
450,10,38,2000,0
440,10,38,2000,0
430,10,38,2000,0
420,10,38,2000,0
410,10,38,2000,0
400,10,38,2000,0
390,10,38,2000,0
380,10,38,2000,0
370,10,38,2000,0
360,10,38,2000,0
350,10,38,2000,0
340,10,38,2000,0
330,10,38,2000,0
320,10,38,2000,0
310,10,38,2000,0
300,10,38,2000,0
290,10,38,2000,0
280,10,38,2000,0
270,10,38,2000,0
260,10,38,2000,0
250,10,38,2000,1
240,10,38,2000,1
230,10,38,2000,1
220,10,38,2000,1
210,10,38,2000,1
200,10,38,2000,1
190,10,38,2000,1
180,10,38,2000,1
170,10,38,2000,1
160,10,38,2000,1
150,10,38,2000,1
140,10,38,2000,1
130,10,38,2000,1
120,10,38,1090,1
110,10,38,1080,0
100,10,38,1070,0
90,10,38,1060,0
80,10,38,1050,0
70,10,38,1040,0
60,10,38,1030,0
50,10,38,1020,0
40,10,38,1010,0
30,10,38,1000,0
20,10,38,990,0
10,10,38,980,0
0,10,38,970,0
-10,10,38,960,0
-20,10,38,950,0
-30,10,38,940,0
-40,10,38,930,0
920,10,38,2000,0
910,10,38,2000,0
900,10,38,2000,0
890,10,38,2000,0
880,10,38,2000,0
870,10,38,2000,0
860,10,38,2000,0
850,10,38,2000,0
840,10,38,2000,0
830,10,38,2000,0
820,10,38,2000,0
810,10,38,2000,0
800,10,38,2000,0
790,10,38,2000,0
780,10,38,2000,0
770,10,38,2000,0
760,10,38,2000,0
750,10,38,2000,0
740,10,38,2000,0
730,10,38,2000,0
720,10,38,2000,0
710,10,38,2000,0
700,10,38,2000,0
690,10,38,2000,0
680,10,38,2000,0
670,10,38,2000,0
660,10,38,2000,0
650,10,38,2000,0
640,10,38,2000,0
630,10,38,2000,0
620,10,38,2000,0
610,10,38,2000,0
600,10,38,2000,0
590,10,38,2000,0
580,10,38,2000,0
570,10,38,2000,0
560,10,38,2000,0
550,10,38,2000,0
540,10,38,2000,0
530,10,38,2000,0
520,10,38,2000,0
510,10,38,2000,0
500,10,38,2000,0
490,10,38,2000,0
480,10,38,2000,0
470,10,38,2000,0
460,10,38,2000,0
450,10,38,2000,0
440,10,38,2000,0
430,10,38,2000,0
420,10,38,2000,0
410,10,38,2000,0
400,10,38,2000,0
390,10,38,2000,0
380,10,38,2000,0
370,10,38,2000,0
360,10,38,2000,0
350,10,38,2000,0
340,10,38,2000,0
330,10,38,2000,0
320,10,38,2000,0
310,10,38,2000,0
300,10,38,2000,0
290,10,38,2000,0
280,10,38,2000,0
270,10,38,2000,0
260,10,38,2000,0
250,10,38,2000,0
240,10,38,2000,0
230,10,38,2000,0
220,10,38,2000,1
210,10,38,2000,1
200,10,38,2000,1
190,10,38,2000,1
180,10,38,2000,1
170,10,38,2000,1
160,10,38,2000,1
150,10,38,2000,1
140,10,38,2000,1
130,10,38,2000,1
120,10,38,2000,0
110,10,38,2000,0
100,10,38,2000,0
90,10,38,2000,0
80,10,38,2000,0
70,10,38,2000,0
60,10,38,2000,0
50,10,38,2000,0
40,10,38,2000,0
30,10,38,2000,0
20,10,38,2000,0
10,10,38,2000,0
0,10,38,1090,0
-10,10,38,1080,0
-20,10,38,1070,0
-30,10,38,1060,0
-40,10,38,1050,0
-50,10,38,1040,0
-60,10,38,1030,0
-70,10,38,1020,0
1010,10,38,2000,0
1000,10,38,2000,0
990,10,38,2000,0
980,10,38,2000,0
970,10,38,2000,0
960,10,38,2000,0
950,10,38,2000,0
940,10,38,2000,0
930,10,38,2000,0
920,10,38,2000,0
910,10,38,2000,0
900,10,38,2000,0
890,10,38,2000,0
880,10,38,2000,0
870,10,38,2000,0
860,10,38,2000,0
850,10,38,2000,0
840,10,38,2000,0
830,10,38,2000,0
820,10,38,2000,0
810,10,38,2000,0
800,10,38,2000,0
790,10,38,2000,0
780,10,38,2000,0
770,10,38,2000,0
760,10,38,2000,0
750,10,38,2000,0
740,10,38,2000,0
730,10,38,2000,0
720,10,38,2000,0
710,10,38,2000,0
700,10,38,2000,0
690,10,38,2000,0
680,10,38,2000,0
670,10,38,2000,0
660,10,38,2000,0
650,10,38,2000,0
640,10,38,2000,0
630,10,38,2000,0
620,10,38,2000,0
610,10,38,2000,0
600,10,38,2000,0
590,10,38,2000,0
580,10,38,2000,0
570,10,38,2000,0
560,10,38,2000,0
550,10,38,2000,0
540,10,38,2000,0
530,10,38,2000,0
520,10,38,2000,0
510,10,38,2000,0
500,10,38,2000,0
490,10,38,2000,0
480,10,38,2000,0
470,10,38,2000,0
460,10,38,2000,0
450,10,38,2000,0
440,10,38,2000,0
430,10,38,2000,0
420,10,38,2000,0
410,10,38,2000,0
400,10,38,2000,0
390,10,38,2000,0
380,10,38,2000,0
370,10,38,2000,0
360,10,38,2000,0
350,10,38,2000,0
340,10,38,2000,0
330,10,38,2000,0
320,10,38,2000,0
310,10,38,2000,0
300,10,38,2000,0
290,10,38,2000,0
280,10,38,2000,0
270,10,38,2000,0
260,10,38,2000,1
250,10,38,2000,1
240,10,38,2000,1
230,10,38,2000,1
220,10,38,2000,1
210,10,38,2000,1
200,10,38,2000,1
190,10,38,2000,1
180,10,38,2000,1
170,10,38,2000,1
160,10,38,2000,1
150,10,38,2000,1
140,10,38,2000,0
130,10,38,2000,0
120,10,38,2000,0
110,10,38,2000,0
100,10,38,2000,0
90,10,38,2000,0
80,11,38,2000,0
69,11,38,2000,0
58,11,38,2000,0
47,11,38,2000,0
36,11,38,2000,0
25,11,38,1089,0
14,11,38,1078,0
3,11,38,1067,0
-8,11,38,1056,0
-19,11,38,1045,0
-30,11,38,1034,0
-41,11,38,1023,0
1012,11,58,2000,0
1001,11,58,2000,0
990,11,58,2000,0
979,11,58,2000,0
968,11,58,2000,0
957,11,58,2000,0
946,11,58,2000,0
935,11,58,2000,0
924,11,58,2000,0
913,11,58,2000,0
902,11,58,2000,0
891,11,58,2000,0
880,11,58,2000,0
869,11,58,2000,0
858,11,58,2000,0
847,11,58,2000,0
836,11,58,2000,0
825,11,58,2000,0
814,11,58,2000,0
803,11,58,2000,0
792,11,58,2000,0
781,11,58,2000,0
770,11,58,2000,0
759,11,58,2000,0
748,11,58,2000,0
737,11,58,2000,0
726,11,58,2000,0
715,11,58,2000,0
704,11,58,2000,0
693,11,58,2000,0
682,11,58,2000,0
671,11,58,2000,0
660,11,58,2000,0
649,11,58,2000,0
638,11,58,2000,0
627,11,58,2000,0
616,11,58,2000,0
605,11,58,2000,0
594,11,58,2000,0
583,11,58,2000,0
572,11,58,2000,0
561,11,58,2000,0
550,11,58,2000,0
539,11,58,2000,0
528,11,58,2000,0
517,11,58,2000,0
506,11,58,2000,0
495,11,58,2000,0
484,11,58,2000,0
473,11,58,2000,0
462,11,58,2000,0
451,11,58,2000,0
440,11,58,2000,0
429,11,58,2000,0
418,11,58,2000,0
407,11,58,2000,0
396,11,58,2000,0
385,11,58,2000,0
374,11,58,2000,0
363,11,58,2000,0
352,11,58,2000,0
341,11,58,2000,0
330,11,58,2000,0
319,11,58,2000,0
308,11,58,2000,0
297,11,58,2000,0
286,11,58,2000,0
275,11,58,2000,1
264,11,58,2000,1
253,11,58,2000,1
242,11,58,1089,1
231,11,58,1078,1
220,11,58,1067,1
209,11,58,1056,1
198,11,58,1045,1
187,11,58,1034,1
176,11,58,1023,1
165,11,58,1012,1
154,11,58,1001,1
143,11,58,990,1
132,11,58,979,1
121,11,58,968,1
110,11,58,957,1
99,11,58,946,1
88,11,58,935,0
77,11,58,924,0
66,11,58,913,0
55,11,58,902,0
44,11,58,891,0
33,11,58,880,0
22,11,58,869,0
11,11,58,858,0
0,11,58,847,0
-11,11,58,836,0
-22,11,58,825,0
-33,11,58,814,0
-44,11,58,803,0
-55,11,58,792,0
-66,11,58,781,0
-77,11,58,770,0
759,11,38,2000,0
748,11,38,2000,0
737,11,38,2000,0
726,11,38,2000,0
715,11,38,2000,0
704,11,38,2000,0
693,11,38,2000,0
682,11,38,2000,0
671,11,38,2000,0
660,11,38,2000,0
649,11,38,2000,0
638,11,38,2000,0
627,11,38,2000,0
616,11,38,2000,0
605,11,38,2000,0
594,11,38,2000,0
583,11,38,2000,0
572,11,38,2000,0
561,11,38,2000,0
550,11,38,2000,0
539,11,38,2000,0
528,11,38,2000,0
517,11,38,2000,0
506,11,38,2000,0
495,11,38,2000,0
484,11,38,2000,0
473,11,38,2000,0
462,11,38,2000,0
451,11,38,2000,0
440,11,38,2000,0
429,11,38,2000,0
418,11,38,2000,0
407,11,38,2000,0
396,11,38,2000,0
385,11,38,2000,0
374,11,38,2000,0
363,11,38,2000,0
352,11,38,2000,0
341,11,38,2000,0
330,11,38,2000,0
319,11,38,2000,0
308,11,38,2000,0
297,11,38,2000,0
286,11,38,2000,0
275,11,38,2000,0
264,11,38,2000,1
253,11,38,2000,1
242,11,38,2000,1
231,11,38,2000,1
220,11,38,2000,1
209,11,38,2000,1
198,11,38,2000,1
187,11,38,2000,1
176,11,38,2000,1
165,11,38,2000,1
154,11,38,2000,1
143,11,38,2000,1
132,11,38,2000,1
121,11,38,2000,0
110,11,38,2000,0
99,11,38,2000,0
88,11,38,2000,0
77,11,38,2000,0
66,11,38,2000,0
55,11,38,2000,0
44,11,38,2000,0
33,11,38,2000,0
22,11,38,2000,0
11,11,38,2000,0
0,11,38,1089,0
-11,11,38,1078,0
-22,11,38,1067,0
-33,11,38,1056,0
-44,11,38,1045,0
-55,11,38,1034,0
-66,11,38,1023,0
1012,11,38,2000,0
1001,11,38,2000,0
990,11,38,2000,0
979,11,38,2000,0
968,11,38,2000,0
957,11,38,2000,0
946,11,38,2000,0
935,11,38,2000,0
924,11,38,2000,0
913,11,38,2000,0
902,11,38,2000,0
891,11,38,2000,0
880,11,38,2000,0
869,11,38,2000,0
858,11,38,2000,0
847,11,38,2000,0
836,11,38,2000,0
825,11,38,2000,0
814,11,38,2000,0
803,11,38,2000,0
792,11,38,2000,0
781,11,38,2000,0
770,11,38,2000,0
759,11,38,2000,0
748,11,38,2000,0
737,11,38,2000,0
726,11,38,2000,0
715,11,38,2000,0
704,11,38,2000,0
693,11,38,2000,0
682,11,38,2000,0
671,11,38,2000,0
660,11,38,2000,0
649,11,38,2000,0
638,11,38,2000,0
627,11,38,2000,0
616,11,38,2000,0
605,11,38,2000,0
594,11,38,2000,0
583,11,38,2000,0
572,11,38,2000,0
561,11,38,2000,0
550,11,38,2000,0
539,11,38,2000,0
528,11,38,2000,0
517,11,38,2000,0
506,11,38,2000,0
495,11,38,2000,0
484,11,38,2000,0
473,11,38,2000,0
462,11,38,2000,0
451,11,38,2000,0
440,11,38,2000,0
429,11,38,2000,0
418,11,38,2000,0
407,11,38,2000,0
396,11,38,2000,0
385,11,38,2000,0
374,11,38,2000,0
363,11,38,2000,0
352,11,38,2000,0
341,11,38,2000,0
330,11,38,2000,0
319,11,38,2000,0
308,11,38,2000,0
297,11,38,2000,0
286,11,38,2000,0
275,11,38,2000,0
264,11,38,2000,0
253,11,38,2000,0
242,11,38,2000,0
231,11,38,2000,1
220,11,38,2000,1
209,11,38,2000,1
198,11,38,2000,1
187,11,38,2000,1
176,11,38,2000,1
165,11,38,2000,1
154,11,38,2000,1
143,11,38,2000,1
132,11,38,2000,0
121,11,38,2000,0
110,11,38,2000,0
99,11,38,2000,0
88,11,38,2000,0
77,11,38,2000,0
66,11,38,2000,0
55,11,38,2000,0
44,11,38,2000,0
33,11,38,2000,0
22,11,38,2000,0
11,11,38,2000,0
0,11,38,2000,0
-11,11,38,2000,0
-22,11,38,1089,0
-33,11,38,1078,0
-44,11,38,1067,0
1056,11,58,2000,0
1045,11,58,2000,0
1034,11,58,2000,0
1023,11,58,2000,0
1012,11,58,2000,0
1001,11,58,2000,0
990,11,58,2000,0
979,11,58,2000,0
968,11,58,2000,0
957,11,58,2000,0
946,11,58,2000,0
935,11,58,2000,0
924,11,58,2000,0
913,11,58,2000,0
902,11,58,2000,0
891,11,58,2000,0
880,11,58,2000,0
869,11,58,2000,0
858,11,58,2000,0
847,11,58,2000,0
836,11,58,2000,0
825,11,58,2000,0
814,11,58,2000,0
803,11,58,2000,0
792,11,58,2000,0
781,11,58,2000,0
770,11,58,2000,0
759,11,58,2000,0
748,11,58,2000,0
737,11,58,2000,0
726,11,58,2000,0
715,11,58,2000,0
704,11,58,2000,0
693,11,58,2000,0
682,11,58,2000,0
671,11,58,2000,0
660,11,58,2000,0
649,11,58,2000,0
638,11,58,2000,0
627,11,58,2000,0
616,11,58,2000,0
605,11,58,2000,0
594,11,58,2000,0
583,11,58,2000,0
572,11,58,2000,0
561,11,58,2000,0
550,11,58,2000,0
539,11,58,2000,0
528,11,58,2000,0
517,11,58,2000,0
506,11,58,2000,0
495,11,58,2000,0
484,11,58,2000,0
473,11,58,2000,0
462,11,58,2000,0
451,11,58,2000,0
440,11,58,2000,0
429,11,58,2000,0
418,11,58,2000,0
407,11,58,2000,0
396,11,58,2000,0
385,11,58,2000,0
374,11,58,2000,0
363,11,58,2000,0
352,11,58,2000,0
341,11,58,2000,0
330,11,58,2000,0
319,11,58,2000,0
308,11,58,2000,0
297,11,58,2000,1
286,11,58,2000,1
275,11,58,2000,1
264,11,58,2000,1
253,11,58,2000,1
242,11,58,2000,1
231,11,58,2000,1
220,11,58,2000,1
209,11,58,2000,1
198,11,58,2000,1
187,11,58,2000,1
176,11,58,2000,1
165,11,58,2000,1
154,11,58,2000,1
143,11,58,2000,1
132,11,58,2000,1
121,11,58,2000,0
110,11,58,2000,0
99,11,58,1089,0
88,11,58,1078,0
77,11,58,1067,0
66,11,58,1056,0
55,11,58,1045,0
44,11,58,1034,0
33,11,58,1023,0
22,11,58,1012,0
11,11,58,1001,0
0,11,58,990,0
-11,11,58,979,0
-22,11,58,968,0
-33,11,58,957,0
946,11,38,2000,0
935,11,38,2000,0
924,11,38,2000,0
913,11,38,2000,0
902,11,38,2000,0
891,11,38,2000,0
880,11,38,2000,0
869,11,38,2000,0
858,11,38,2000,0
847,11,38,2000,0
836,11,38,2000,0
825,11,38,2000,0
814,11,38,2000,0
803,11,38,2000,0
792,11,38,2000,0
781,12,38,2000,0
769,12,38,2000,0
757,12,38,2000,0
745,12,38,2000,0
733,12,38,2000,0
721,12,38,2000,0
709,12,38,2000,0
697,12,38,2000,0
685,12,38,2000,0
673,12,38,2000,0
661,12,38,2000,0
649,12,38,2000,0
637,12,38,2000,0
625,12,38,2000,0
613,12,38,2000,0
601,12,38,2000,0
589,12,38,2000,0
577,12,38,2000,0
565,12,38,2000,0
553,12,38,2000,0
541,12,38,2000,0
529,12,38,2000,0
517,12,38,2000,0
505,12,38,2000,0
493,12,38,2000,0
481,12,38,2000,0
469,12,38,2000,0
457,12,38,2000,0
445,12,38,2000,0
433,12,38,2000,0
421,12,38,2000,0
409,12,38,2000,0
397,12,38,2000,0
385,12,38,2000,0
373,12,38,2000,0
361,12,38,2000,0
349,12,38,2000,0
337,12,38,2000,0
325,12,38,2000,0
313,12,38,2000,0
301,12,38,2000,1
289,12,38,2000,1
277,12,38,2000,1
265,12,38,2000,1
253,12,38,2000,1
241,12,38,2000,1
229,12,38,2000,1
217,12,38,2000,1
205,12,38,1088,1
193,12,38,1076,1
181,12,38,1064,1
169,12,38,1052,1
157,12,38,1040,1
145,12,38,1028,1
133,12,38,1016,0
121,12,38,1004,0
109,12,38,992,0
97,12,38,980,0
85,12,38,968,0
73,12,38,956,0
61,12,38,944,0
49,12,38,932,0
37,12,38,920,0
25,12,38,908,0
13,12,38,896,0
1,12,38,884,0
-11,12,38,872,0
-23,12,38,860,0
848,12,58,2000,0
836,12,58,2000,0
824,12,58,2000,0
812,12,58,2000,0
800,12,58,2000,0
788,12,58,2000,0
776,12,58,2000,0
764,12,58,2000,0
752,12,58,2000,0
740,12,58,2000,0
728,12,58,2000,0
716,12,58,2000,0
704,12,58,2000,0
692,12,58,2000,0
680,12,58,2000,0
668,12,58,2000,0
656,12,58,2000,0
644,12,58,2000,0
632,12,58,2000,0
620,12,58,2000,0
608,12,58,2000,0
596,12,58,2000,0
584,12,58,2000,0
572,12,58,2000,0
560,12,58,2000,0
548,12,58,2000,0
536,12,58,2000,0
524,12,58,2000,0
512,12,58,2000,0
500,12,58,2000,0
488,12,58,2000,0
476,12,58,2000,0
464,12,58,2000,0
452,12,58,2000,0
440,12,58,2000,0
428,12,58,2000,0
416,12,58,2000,0
404,12,58,2000,0
392,12,58,2000,0
380,12,58,2000,0
368,12,58,2000,0
356,12,58,2000,0
344,12,58,2000,0
332,12,58,2000,0
320,12,58,2000,0
308,12,58,1088,0
296,12,58,1076,0
284,12,58,1064,0
272,12,58,1052,1
260,12,58,1040,1
248,12,58,1028,1
236,12,58,1016,1
224,12,58,1004,1
212,12,58,992,1
200,12,58,980,1
188,12,58,968,1
176,12,58,956,1
164,12,58,944,1
152,12,58,932,1
140,12,58,920,1
128,12,58,908,1
116,12,58,896,0
104,12,58,884,0
92,12,58,872,0
80,12,58,860,0
68,12,58,848,0
56,12,58,836,0
44,12,58,824,0
32,12,58,812,0
20,12,58,800,0
8,12,58,788,0
-4,12,58,776,0
-16,12,58,764,0
-28,12,58,752,0
-40,12,58,740,0
-52,12,58,728,0
-64,12,58,716,0
-76,12,58,704,0
692,12,58,2000,0
680,12,58,2000,0
668,12,58,2000,0
656,12,58,2000,0
644,12,58,2000,0
632,12,58,2000,0
620,12,58,2000,0
608,12,58,2000,0
596,12,58,2000,0
584,12,58,2000,0
572,12,58,2000,0
560,12,58,2000,0
548,12,58,2000,0
536,12,58,2000,0
524,12,58,2000,0
512,12,58,1088,0
500,12,58,1076,0
488,12,58,1064,0
476,12,58,1052,0
464,12,58,1040,0
452,12,58,1028,0
440,12,58,1016,0
428,12,58,1004,0
416,12,58,992,0
404,12,58,980,0
392,12,58,968,0
380,12,58,956,0
368,12,58,944,0
356,12,58,932,0
344,12,58,920,0
332,12,58,908,0
320,12,58,896,0
308,12,58,884,1
296,12,58,872,1
284,12,58,860,1
272,12,58,848,1
260,12,58,836,1
248,12,58,824,1
236,12,58,812,1
224,12,58,800,1
212,12,58,788,1
200,12,58,776,1
188,12,58,764,1
176,12,58,752,1
164,12,58,740,1
152,12,58,728,1
140,12,58,716,1
128,12,58,704,1
116,12,58,692,0
104,12,58,680,0
92,12,58,668,0
80,12,58,656,0
68,12,58,644,0
56,12,58,632,0
44,12,58,620,0
32,12,58,608,0
20,12,58,596,0
8,12,58,584,0
-4,12,58,572,0
-16,12,58,560,0
-28,12,58,548,0
-40,12,58,536,0
-52,12,58,524,0
-64,12,58,512,0
-76,12,58,500,0
488,12,38,2000,0
476,12,38,2000,0
464,12,38,2000,0
452,12,38,2000,0
440,12,38,2000,0
428,12,38,2000,0
416,12,38,1088,0
404,12,38,1076,0
392,12,38,1064,0
380,12,38,1052,0
368,12,38,1040,0
356,12,38,1028,0
344,12,38,1016,0
332,12,38,1004,0
320,12,38,992,0
308,12,38,980,0
296,12,38,968,0
284,12,38,956,0
272,12,38,944,0
260,12,38,932,0
248,12,38,920,0
236,12,38,908,1
224,12,38,896,1
212,12,38,884,1
200,12,38,872,1
188,12,38,860,1
176,12,38,848,1
164,12,38,836,1
152,12,38,824,1
140,12,38,812,1
128,12,38,800,1
116,12,38,788,1
104,12,38,776,0
92,12,38,764,0
80,12,38,752,0
68,12,38,740,0
56,12,38,728,0
44,12,38,716,0
32,12,38,704,0
20,12,38,692,0
8,12,38,680,0
-4,12,38,668,0
-16,12,38,656,0
-28,12,38,644,0
-40,12,38,632,0
620,12,58,2000,0
608,12,58,2000,0
596,12,58,2000,0
584,12,58,2000,0
572,12,58,2000,0
560,12,58,2000,0
548,12,58,2000,0
536,12,58,2000,0
524,12,58,2000,0
512,12,58,2000,0
500,12,58,2000,0
488,12,58,2000,0
476,12,58,2000,0
464,12,58,2000,0
452,12,58,2000,0
440,12,58,2000,0
428,12,58,2000,0
416,12,58,2000,0
404,12,58,2000,0
392,12,58,1088,0
380,12,58,1076,0
368,12,58,1064,0
356,12,58,1052,0
344,12,58,1040,0
332,12,58,1028,0
320,12,58,1016,0
308,12,58,1004,0
296,12,58,992,1
284,12,58,980,1
272,12,58,968,1
260,12,58,956,1
248,12,58,944,1
236,12,58,932,1
224,12,58,920,1
212,12,58,908,1
200,12,58,896,1
188,12,58,884,1
176,12,58,872,1
164,12,58,860,1
152,12,58,848,1
140,12,58,836,1
128,12,58,824,1
116,12,58,812,1
104,12,58,800,1
92,12,58,788,1
80,12,58,776,1
68,12,58,764,1
56,12,58,752,1
44,12,58,740,1
32,12,58,728,0
20,12,58,716,0
8,12,58,704,0
-4,12,58,692,0
-16,12,58,680,0
-28,12,58,668,0
-40,12,58,656,0
-52,12,58,644,0
-64,12,58,632,0
-76,12,58,620,0
608,12,38,2000,0
596,12,38,2000,0
584,12,38,2000,0
572,12,38,2000,0
560,12,38,2000,0
548,12,38,2000,0
536,12,38,2000,0
524,12,38,2000,0
512,12,38,2000,0
500,12,38,2000,0
488,12,38,2000,0
476,12,38,2000,0
464,12,38,2000,0
452,12,38,2000,0
440,12,38,2000,0
428,12,38,2000,0
416,12,38,2000,0
404,12,38,2000,0
392,12,38,2000,0
380,12,38,2000,0
368,12,38,2000,0
356,12,38,2000,0
344,12,38,2000,0
332,12,38,2000,0
320,12,38,2000,0
308,12,38,2000,0
296,12,38,2000,0
284,12,38,2000,0
272,12,38,2000,1
260,12,38,2000,1
248,12,38,2000,1
236,12,38,2000,1
224,12,38,2000,1
212,12,38,1088,1
200,12,38,1076,1
188,12,38,1064,1
176,12,38,1052,1
164,12,38,1040,1
152,12,38,1028,1
140,12,38,1016,1
128,12,38,1004,1
116,12,38,992,1
104,12,38,980,1
92,12,38,968,1
80,12,38,956,1
68,12,38,944,1
56,12,38,932,1
44,12,38,920,1
32,12,38,908,1
20,12,38,896,1
8,12,38,884,0
-4,12,38,872,0
-16,12,38,860,0
-28,12,38,848,0
-40,12,38,836,0
824,12,58,2000,0
812,12,58,2000,0
800,12,58,2000,0
788,12,58,2000,0
776,12,58,2000,0
764,12,58,2000,0
752,12,58,2000,0
740,12,58,2000,0
728,12,58,2000,0
716,12,58,2000,0
704,12,58,2000,0
692,12,58,2000,0
680,12,58,2000,0
668,12,58,2000,0
656,12,58,2000,0
644,12,58,2000,0
632,12,58,2000,0
620,12,58,2000,0
608,12,58,2000,0
596,12,58,2000,0
584,12,58,2000,0
572,12,58,2000,0
560,12,58,2000,0
548,12,58,2000,0
536,12,58,2000,0
524,12,58,2000,0
512,12,58,2000,0
500,12,58,2000,0
488,12,58,2000,0
476,12,58,2000,0
464,13,58,2000,0
451,13,58,2000,0
438,13,58,2000,0
425,13,58,2000,0
412,13,58,2000,0
399,13,58,2000,0
386,13,58,2000,0
373,13,58,2000,0
360,13,58,2000,0
347,13,58,2000,0
334,13,58,2000,0
321,13,58,2000,0
308,13,58,2000,0
295,13,58,2000,0
282,13,58,2000,0
269,13,58,2000,0
256,13,58,2000,0
243,13,58,2000,1
230,13,58,2000,1
217,13,58,2000,1
204,13,58,2000,1
191,13,58,2000,1
178,13,58,2000,1
165,13,58,2000,1
152,13,58,2000,1
139,13,58,2000,1
126,13,58,1087,1
113,13,58,1074,1
100,13,58,1061,1
87,13,58,1048,0
74,13,58,1035,0
61,13,58,1022,0
48,13,58,1009,0
35,13,58,996,0
22,13,58,983,0
9,13,58,970,0
-4,13,58,957,0
-17,13,58,944,0
-30,13,58,931,0
-43,13,58,918,0
-56,13,58,905,0
-69,13,58,892,0
879,13,83,2000,0
866,13,83,2000,0
853,13,83,2000,0
840,13,83,2000,0
827,13,83,2000,0
814,13,83,2000,0
801,13,83,2000,0
788,13,83,2000,0
775,13,83,2000,0
762,13,83,2000,0
749,13,83,2000,0
736,13,83,2000,0
723,13,83,2000,0
710,13,83,2000,0
697,13,83,2000,0
684,13,83,2000,0
671,13,83,2000,0
658,13,83,2000,0
645,13,83,1087,0
632,13,83,1074,0
619,13,83,1061,0
606,13,83,1048,0
593,13,83,1035,0
580,13,83,1022,0
567,13,83,1009,0
554,13,83,996,0
541,13,83,983,0
528,13,83,970,0
515,13,83,957,0
502,13,83,944,0
489,13,83,931,0
476,13,83,918,0
463,13,83,905,0
450,13,83,892,0
437,13,83,879,0
424,13,83,866,0
411,13,83,853,0
398,13,83,840,0
385,13,83,827,0
372,13,83,814,0
359,13,83,801,0
346,13,83,788,0
333,13,83,775,0
320,13,83,762,0
307,13,83,749,0
294,13,83,736,0
281,13,83,723,0
268,13,83,710,0
255,13,83,697,0
242,13,83,684,0
229,13,83,671,0
216,13,83,658,0
203,13,83,645,0
190,13,83,632,0
177,13,83,619,0
164,13,83,606,0
151,13,83,593,0
138,13,83,580,0
125,13,83,567,0
112,13,83,554,0
99,13,83,541,0
86,13,83,528,0
73,13,83,515,0
60,13,83,502,0
47,13,83,489,0
34,13,83,476,0
21,13,83,463,0
8,13,83,450,0
-5,13,83,437,0
-18,13,83,424,0
-31,13,83,411,0
-44,13,83,398,0
-57,13,83,385,0
372,13,58,2000,0
359,13,58,2000,0
346,13,58,2000,0
333,13,58,2000,0
320,13,58,2000,0
307,13,58,2000,0
294,13,58,2000,0
281,13,58,2000,1
268,13,58,2000,1
255,13,58,2000,1
242,13,58,2000,1
229,13,58,2000,1
216,13,58,2000,1
203,13,58,2000,1
190,13,58,1087,1
177,13,58,1074,1
164,13,58,1061,1
151,13,58,1048,1
138,13,58,1035,1
125,13,58,1022,1
112,13,58,1009,1
99,13,58,996,1
86,13,58,983,0
73,13,58,970,0
60,13,58,957,0
47,13,58,944,0
34,13,58,931,0
21,13,58,918,0
8,13,58,905,0
-5,13,58,892,0
-18,13,58,879,0
-31,13,58,866,0
853,13,58,2000,0
840,13,58,2000,0
827,13,58,2000,0
814,13,58,2000,0
801,13,58,2000,0
788,13,58,2000,0
775,13,58,2000,0
762,13,58,2000,0
749,13,58,2000,0
736,13,58,2000,0
723,13,58,2000,0
710,13,58,2000,0
697,13,58,2000,0
684,13,58,2000,0
671,13,58,2000,0
658,13,58,2000,0
645,13,58,2000,0
632,13,58,2000,0
619,13,58,2000,0
606,13,58,2000,0
593,13,58,2000,0
580,13,58,2000,0
567,13,58,2000,0
554,13,58,2000,0
541,13,58,2000,0
528,13,58,2000,0
515,13,58,2000,0
502,13,58,2000,0
489,13,58,2000,0
476,13,58,2000,0
463,13,58,2000,0
450,13,58,2000,0
437,13,58,2000,0
424,13,58,2000,0
411,13,58,2000,0
398,13,58,2000,0
385,13,58,2000,0
372,13,58,2000,0
359,13,58,2000,0
346,13,58,2000,0
333,13,58,2000,0
320,13,58,1087,1
307,13,58,1074,1
294,13,58,1061,1
281,13,58,1048,1
268,13,58,1035,1
255,13,58,1022,1
242,13,58,1009,1
229,13,58,996,1
216,13,58,983,1
203,13,58,970,1
190,13,58,957,1
177,13,58,944,1
164,13,58,931,1
151,13,58,918,1
138,13,58,905,1
125,13,58,892,1
112,13,58,879,1
99,13,58,866,1
86,13,58,853,1
73,13,58,840,1
60,13,58,827,0
47,13,58,814,0
34,13,58,801,0
21,13,58,788,0
8,13,58,775,0
-5,13,58,762,0
-18,13,58,749,0
-31,13,58,736,0
-44,13,58,723,0
-57,13,58,710,0
-70,13,58,697,0
684,13,83,2000,0
671,13,83,2000,0
658,13,83,2000,0
645,13,83,2000,0
632,13,83,2000,0
619,13,83,2000,0
606,13,83,2000,0
593,13,83,2000,0
580,13,83,2000,0
567,13,83,2000,0
554,13,83,2000,0
541,13,83,2000,0
528,13,83,2000,0
515,13,83,2000,0
502,13,83,2000,0
489,13,83,2000,0
476,13,83,2000,0
463,13,83,2000,0
450,13,83,2000,0
437,13,83,2000,0
424,13,83,2000,0
411,13,83,2000,0
398,13,83,2000,0
385,13,83,2000,0
372,13,83,2000,0
359,13,83,2000,0
346,13,83,2000,0
333,13,83,2000,0
320,13,83,2000,0
307,13,83,2000,0
294,13,83,2000,0
281,13,83,2000,0
268,13,83,2000,0
255,13,83,2000,0
242,13,83,2000,0
229,13,83,2000,0
216,13,83,2000,0
203,13,83,2000,0
190,13,83,2000,0
177,13,83,2000,0
164,13,83,2000,0
151,13,83,2000,0
138,13,83,2000,0
125,13,83,2000,0
112,13,83,2000,0
99,13,83,1087,0
86,13,83,1074,0
73,13,83,1061,0
60,13,83,1048,0
47,13,83,1035,0
34,13,83,1022,0
21,13,83,1009,0
8,13,83,996,0
-5,13,83,983,0
-18,13,83,970,0
-31,13,83,957,0
-44,13,83,944,0
-57,13,83,931,0
918,13,38,2000,0
905,13,38,2000,0
892,13,38,2000,0
879,13,38,2000,0
866,13,38,2000,0
853,13,38,2000,0
840,13,38,2000,0
827,13,38,2000,0
814,13,38,2000,0
801,13,38,2000,0
788,13,38,2000,0
775,13,38,2000,0
762,13,38,2000,0
749,13,38,2000,0
736,13,38,2000,0
723,13,38,2000,0
710,13,38,2000,0
697,13,38,2000,0
684,13,38,2000,0
671,13,38,2000,0
658,13,38,2000,0
645,13,38,2000,0
632,13,38,2000,0
619,13,38,2000,0
606,13,38,2000,0
593,13,38,2000,0
580,13,38,2000,0
567,13,38,2000,0
554,13,38,2000,0
541,13,38,2000,0
528,13,38,2000,0
515,13,38,2000,0
502,13,38,2000,0
489,13,38,2000,0
476,13,38,2000,0
463,13,38,2000,0
450,13,38,2000,0
437,13,38,2000,0
424,13,38,2000,0
411,13,38,2000,0
398,13,38,2000,0
385,13,38,2000,0
372,13,38,2000,0
359,13,38,2000,0
346,13,38,2000,0
333,13,38,2000,0
320,13,38,2000,0
307,13,38,2000,0
294,13,38,2000,0
281,13,38,2000,0
268,13,38,2000,0
255,13,38,2000,1
242,13,38,2000,1
229,13,38,2000,1
216,13,38,2000,1
203,13,38,2000,1
190,13,38,2000,1
177,13,38,2000,1
164,13,38,2000,1
151,13,38,2000,1
138,13,38,1087,1
125,13,38,1074,1
112,13,38,1061,1
99,13,38,1048,0
86,13,38,1035,0
73,13,38,1022,0
60,13,38,1009,0
47,13,38,996,0
34,13,38,983,0
21,13,38,970,0
8,13,38,957,0
-5,13,38,944,0
-18,13,38,931,0
-31,13,38,918,0
-44,13,38,905,0
-57,13,38,892,0
-70,13,38,879,0
866,13,58,2000,0
853,13,58,2000,0
840,13,58,2000,0
827,13,58,2000,0
814,13,58,2000,0
801,13,58,2000,0
788,13,58,2000,0
775,13,58,2000,0
762,13,58,2000,0
749,13,58,2000,0
736,13,58,2000,0
723,13,58,2000,0
710,13,58,2000,0
697,13,58,2000,0
684,13,58,2000,0
671,13,58,2000,0
658,13,58,2000,0
645,13,58,2000,0
632,13,58,2000,0
619,13,58,2000,0
606,13,58,2000,0
593,13,58,2000,0
580,13,58,2000,0
567,13,58,2000,0
554,13,58,2000,0
541,13,58,2000,0
528,13,58,2000,0
515,13,58,2000,0
502,13,58,2000,0
489,13,58,2000,0
476,13,58,2000,0
463,13,58,2000,0
450,13,58,2000,0
437,13,58,2000,0
424,13,58,2000,0
411,13,58,2000,0
398,13,58,2000,0
385,13,58,2000,0
372,13,58,2000,0
359,13,58,2000,0
346,13,58,2000,0
333,13,58,2000,0
320,13,58,2000,0
307,13,58,2000,0
294,13,58,2000,0
281,13,58,2000,0
268,14,58,2000,1
254,14,58,2000,1
240,14,58,2000,1
226,14,58,2000,1
212,14,58,2000,1
198,14,58,2000,1
184,14,58,2000,1
170,14,58,2000,1
156,14,58,2000,1
142,14,58,2000,1
128,14,58,1086,1
114,14,58,1072,1
100,14,58,1058,1
86,14,58,1044,0
72,14,58,1030,0
58,14,58,1016,0
44,14,58,1002,0
30,14,58,988,0
16,14,58,974,0
2,14,58,960,0
-12,14,58,946,0
-26,14,58,932,0
918,14,38,2000,0
904,14,38,2000,0
890,14,38,2000,0
876,14,38,2000,0
862,14,38,2000,0
848,14,38,2000,0
834,14,38,2000,0
820,14,38,2000,0
806,14,38,2000,0
792,14,38,2000,0
778,14,38,2000,0
764,14,38,2000,0
750,14,38,2000,0
736,14,38,2000,0
722,14,38,2000,0
708,14,38,2000,0
694,14,38,2000,0
680,14,38,2000,0
666,14,38,2000,0
652,14,38,2000,0
638,14,38,2000,0
624,14,38,2000,0
610,14,38,2000,0
596,14,38,2000,0
582,14,38,2000,0
568,14,38,2000,0
554,14,38,2000,0
540,14,38,2000,0
526,14,38,2000,0
512,14,38,2000,0
498,14,38,2000,0
484,14,38,2000,0
470,14,38,2000,0
456,14,38,2000,0
442,14,38,2000,0
428,14,38,2000,0
414,14,38,2000,0
400,14,38,2000,0
386,14,38,2000,0
372,14,38,2000,0
358,14,38,2000,0
344,14,38,2000,0
330,14,38,2000,1
316,14,38,2000,1
302,14,38,2000,1
288,14,38,2000,1
274,14,38,2000,1
260,14,38,2000,1
246,14,38,2000,1
232,14,38,2000,1
218,14,38,2000,1
204,14,38,2000,1
190,14,38,2000,1
176,14,38,2000,1
162,14,38,2000,1
148,14,38,2000,1
134,14,38,2000,1
120,14,38,2000,1
106,14,38,2000,1
92,14,38,2000,1
78,14,38,2000,1
64,14,38,2000,1
50,14,38,2000,0
36,14,38,2000,0
22,14,38,2000,0
8,14,38,2000,0
-6,14,38,1086,0
-20,14,38,1072,0
-34,14,38,1058,0
-48,14,38,1044,0
1030,14,38,2000,0
1016,14,38,2000,0
1002,14,38,2000,0
988,14,38,2000,0
974,14,38,2000,0
960,14,38,2000,0
946,14,38,2000,0
932,14,38,2000,0
918,14,38,2000,0
904,14,38,2000,0
890,14,38,2000,0
876,14,38,2000,0
862,14,38,2000,0
848,14,38,2000,0
834,14,38,2000,0
820,14,38,2000,0
806,14,38,2000,0
792,14,38,2000,0
778,14,38,2000,0
764,14,38,2000,0
750,14,38,2000,0
736,14,38,2000,0
722,14,38,2000,0
708,14,38,2000,0
694,14,38,2000,0
680,14,38,2000,0
666,14,38,2000,0
652,14,38,2000,0
638,14,38,2000,0
624,14,38,2000,0
610,14,38,2000,0
596,14,38,2000,0
582,14,38,2000,0
568,14,38,2000,0
554,14,38,2000,0
540,14,38,2000,0
526,14,38,2000,0
512,14,38,2000,0
498,14,38,2000,0
484,14,38,2000,0
470,14,38,2000,0
456,14,38,2000,0
442,14,38,2000,0
428,14,38,2000,0
414,14,38,2000,0
400,14,38,2000,0
386,14,38,2000,0
372,14,38,2000,0
358,14,38,2000,0
344,14,38,2000,0
330,14,38,2000,0
316,14,38,2000,0
302,14,38,2000,0
288,14,38,2000,0
274,14,38,2000,1
260,14,38,2000,1
246,14,38,2000,1
232,14,38,2000,1
218,14,38,2000,1
204,14,38,2000,1
190,14,38,2000,1
176,14,38,2000,1
162,14,38,2000,1
148,14,38,2000,1
134,14,38,2000,0
120,14,38,1086,0
106,14,38,1072,0
92,14,38,1058,0
78,14,38,1044,0
64,14,38,1030,0
50,14,38,1016,0
36,14,38,1002,0
22,14,38,988,0
8,14,38,974,0
-6,14,38,960,0
-20,14,38,946,0
-34,14,38,932,0
-48,14,38,918,0
-62,14,38,904,0
-76,14,38,890,0
876,14,58,2000,0
862,14,58,2000,0
848,14,58,2000,0
834,14,58,2000,0
820,14,58,2000,0
806,14,58,2000,0
792,14,58,2000,0
778,14,58,2000,0
764,14,58,2000,0
750,14,58,2000,0
736,14,58,2000,0
722,14,58,2000,0
708,14,58,2000,0
694,14,58,2000,0
680,14,58,2000,0
666,14,58,2000,0
652,14,58,2000,0
638,14,58,2000,0
624,14,58,2000,0
610,14,58,2000,0
596,14,58,2000,0
582,14,58,2000,0
568,14,58,2000,0
554,14,58,2000,0
540,14,58,2000,0
526,14,58,2000,0
512,14,58,2000,0
498,14,58,2000,0
484,14,58,2000,0
470,14,58,2000,0
456,14,58,2000,0
442,14,58,2000,0
428,14,58,2000,0
414,14,58,2000,0
400,14,58,2000,0
386,14,58,2000,0
372,14,58,2000,0
358,14,58,2000,0
344,14,58,2000,0
330,14,58,2000,1
316,14,58,2000,1
302,14,58,2000,1
288,14,58,2000,1
274,14,58,2000,1
260,14,58,2000,1
246,14,58,2000,1
232,14,58,2000,1
218,14,58,2000,1
204,14,58,2000,1
190,14,58,2000,1
176,14,58,2000,1
162,14,58,2000,1
148,14,58,2000,1
134,14,58,2000,1
120,14,58,2000,1
106,14,58,2000,1
92,14,58,2000,1
78,14,58,2000,1
64,14,58,2000,1
50,14,58,1086,1
36,14,58,1072,0
22,14,58,1058,0
8,14,58,1044,0
-6,14,58,1030,0
-20,14,58,1016,0
-34,14,58,1002,0
988,14,58,2000,0
974,14,58,2000,0
960,14,58,2000,0
946,14,58,2000,0
932,14,58,2000,0
918,14,58,2000,0
904,14,58,2000,0
890,14,58,2000,0
876,14,58,2000,0
862,14,58,2000,0
848,14,58,2000,0
834,14,58,2000,0
820,14,58,2000,0
806,14,58,2000,0
792,14,58,2000,0
778,14,58,2000,0
764,14,58,2000,0
750,14,58,2000,0
736,14,58,2000,0
722,14,58,2000,0
708,14,58,2000,0
694,14,58,2000,0
680,14,58,2000,0
666,14,58,2000,0
652,14,58,2000,0
638,14,58,2000,0
624,14,58,2000,0
610,14,58,2000,0
596,14,58,2000,0
582,14,58,2000,0
568,14,58,2000,0
554,14,58,2000,0
540,14,58,2000,0
526,14,58,2000,0
512,14,58,2000,0
498,14,58,2000,0
484,14,58,2000,0
470,14,58,2000,0
456,14,58,2000,0
442,14,58,2000,0
428,14,58,2000,0
414,14,58,2000,0
400,14,58,2000,0
386,14,58,2000,0
372,14,58,2000,0
358,14,58,2000,0
344,14,58,2000,0
330,14,58,2000,0
316,14,58,2000,0
302,14,58,2000,0
288,14,58,2000,1
274,14,58,2000,1
260,14,58,1086,1
246,14,58,1072,1
232,14,58,1058,1
218,14,58,1044,1
204,14,58,1030,1
190,14,58,1016,1
176,14,58,1002,1
162,14,58,988,1
148,14,58,974,1
134,14,58,960,1
120,14,58,946,1
106,14,58,932,1
92,14,58,918,1
78,14,58,904,0
64,14,58,890,0
50,14,58,876,0
36,14,58,862,0
22,14,58,848,0
8,14,58,834,0
-6,14,58,820,0
-20,14,58,806,0
-34,14,58,792,0
-48,14,58,778,0
-62,14,58,764,0
-76,14,58,750,0
736,14,58,2000,0
722,14,58,2000,0
708,14,58,2000,0
694,14,58,2000,0
680,14,58,2000,0
666,14,58,2000,0
652,14,58,2000,0
638,14,58,2000,0
624,14,58,2000,0
610,14,58,2000,0
596,14,58,2000,0
582,14,58,2000,0
568,14,58,2000,0
554,14,58,2000,0
540,14,58,2000,0
526,14,58,2000,0
512,14,58,2000,0
498,14,58,2000,0
484,14,58,2000,0
470,14,58,2000,0
456,14,58,2000,0
442,14,58,2000,0
428,14,58,2000,0
414,14,58,2000,0
400,14,58,2000,0
386,14,58,2000,0
372,14,58,2000,0
358,14,58,2000,0
344,14,58,2000,0
330,14,58,2000,1
316,14,58,2000,1
302,14,58,2000,1
288,14,58,2000,1
274,14,58,2000,1
260,14,58,2000,1
246,14,58,2000,1
232,14,58,1086,1
218,14,58,1072,1
204,14,58,1058,1
190,14,58,1044,1
176,14,58,1030,1
162,14,58,1016,1
148,14,58,1002,0
134,14,58,988,0
120,14,58,974,0
106,14,58,960,0
92,14,58,946,0
78,14,58,932,0
64,14,58,918,0
50,14,58,904,0
36,14,58,890,0
22,14,58,876,0
8,14,58,862,0
-6,14,58,848,0
-20,14,58,834,0
-34,14,58,820,0
-48,14,58,806,0
-62,14,58,792,0
-76,14,58,778,0
764,14,38,2000,0
750,14,38,2000,0
736,14,38,2000,0
722,14,38,2000,0
708,14,38,2000,0
694,14,38,2000,0
680,14,38,2000,0
666,14,38,2000,0
652,14,38,2000,0
638,14,38,2000,0
624,14,38,2000,0
610,14,38,2000,0
596,14,38,2000,0
582,14,38,2000,0
568,14,38,2000,0
554,14,38,2000,0
540,14,38,2000,0
526,14,38,2000,0
512,14,38,2000,0
498,14,38,2000,0
484,14,38,2000,0
470,14,38,2000,0
456,14,38,2000,0
442,14,38,2000,0
428,14,38,2000,0
414,14,38,2000,0
400,15,38,2000,0
385,15,38,2000,0
370,15,38,2000,0
355,15,38,2000,1
340,15,38,2000,1
325,15,38,2000,1
310,15,38,2000,1
295,15,38,2000,1
280,15,38,2000,1
265,15,38,1085,1
250,15,38,1070,1
235,15,38,1055,1
220,15,38,1040,1
205,15,38,1025,1
190,15,38,1010,1
175,15,38,995,1
160,15,38,980,1
145,15,38,965,1
130,15,38,950,1
115,15,38,935,1
100,15,38,920,0
85,15,38,905,0
70,15,38,890,0
55,15,38,875,0
40,15,38,860,0
25,15,38,845,0
10,15,38,830,0
-5,15,38,815,0
-20,15,38,800,0
-35,15,38,785,0
770,15,38,2000,0
755,15,38,2000,0
740,15,38,2000,0
725,15,38,2000,0
710,15,38,2000,0
695,15,38,2000,0
680,15,38,2000,0
665,15,38,2000,0
650,15,38,2000,0
635,15,38,2000,0
620,15,38,2000,0
605,15,38,2000,0
590,15,38,2000,0
575,15,38,2000,0
560,15,38,2000,0
545,15,38,2000,0
530,15,38,2000,0
515,15,38,2000,0
500,15,38,1085,0
485,15,38,1070,0
470,15,38,1055,0
455,15,38,1040,0
440,15,38,1025,0
425,15,38,1010,0
410,15,38,995,0
395,15,38,980,0
380,15,38,965,0
365,15,38,950,0
350,15,38,935,0
335,15,38,920,0
320,15,38,905,0
305,15,38,890,0
290,15,38,875,0
275,15,38,860,1
260,15,38,845,1
245,15,38,830,1
230,15,38,815,1
215,15,38,800,1
200,15,38,785,1
185,15,38,770,1
170,15,38,755,1
155,15,38,740,1
140,15,38,725,1
125,15,38,710,0
110,15,38,695,0
95,15,38,680,0
80,15,38,665,0
65,15,38,650,0
50,15,38,635,0
35,15,38,620,0
20,15,38,605,0
5,15,38,590,0
-10,15,38,575,0
560,15,58,2000,0
545,15,58,2000,0
530,15,58,2000,0
515,15,58,2000,0
500,15,58,2000,0
485,15,58,2000,0
470,15,58,2000,0
455,15,58,2000,0
440,15,58,2000,0
425,15,58,2000,0
410,15,58,2000,0
395,15,58,2000,0
380,15,58,2000,0
365,15,58,2000,0
350,15,58,2000,0
335,15,58,2000,0
320,15,58,2000,0
305,15,58,2000,0
290,15,58,2000,0
275,15,58,2000,0
260,15,58,2000,1
245,15,58,2000,1
230,15,58,2000,1
215,15,58,2000,1
200,15,58,2000,1
185,15,58,2000,1
170,15,58,2000,1
155,15,58,2000,1
140,15,58,2000,1
125,15,58,2000,1
110,15,58,2000,0
95,15,58,1085,0
80,15,58,1070,0
65,15,58,1055,0
50,15,58,1040,0
35,15,58,1025,0
20,15,58,1010,0
5,15,58,995,0
-10,15,58,980,0
-25,15,58,965,0
950,15,58,2000,0
935,15,58,2000,0
920,15,58,2000,0
905,15,58,2000,0
890,15,58,2000,0
875,15,58,2000,0
860,15,58,2000,0
845,15,58,2000,0
830,15,58,2000,0
815,15,58,2000,0
800,15,58,2000,0
785,15,58,2000,0
770,15,58,2000,0
755,15,58,2000,0
740,15,58,2000,0
725,15,58,2000,0
710,15,58,2000,0
695,15,58,2000,0
680,15,58,2000,0
665,15,58,2000,0
650,15,58,2000,0
635,15,58,2000,0
620,15,58,2000,0
605,15,58,2000,0
590,15,58,2000,0
575,15,58,2000,0
560,15,58,2000,0
545,15,58,2000,0
530,15,58,2000,0
515,15,58,2000,0
500,15,58,2000,0
485,15,58,2000,0
470,15,58,2000,0
455,15,58,2000,0
440,15,58,2000,0
425,15,58,2000,0
410,15,58,2000,0
395,15,58,2000,0
380,15,58,2000,1
365,15,58,2000,1
350,15,58,2000,1
335,15,58,2000,1
320,15,58,2000,1
305,15,58,2000,1
290,15,58,2000,1
275,15,58,2000,1
260,15,58,2000,1
245,15,58,2000,1
230,15,58,2000,1
215,15,58,2000,1
200,15,58,2000,1
185,15,58,2000,1
170,15,58,2000,1
155,15,58,2000,1
140,15,58,2000,1
125,15,58,1085,1
110,15,58,1070,1
95,15,58,1055,0
80,15,58,1040,0
65,15,58,1025,0
50,15,58,1010,0
35,15,58,995,0
20,15,58,980,0
5,15,58,965,0
-10,15,58,950,0
-25,15,58,935,0
920,15,58,2000,0
905,15,58,2000,0
890,15,58,2000,0
875,15,58,2000,0
860,15,58,2000,0
845,15,58,2000,0
830,15,58,2000,0
815,15,58,2000,0
800,15,58,2000,0
785,15,58,2000,0
770,15,58,2000,0
755,15,58,2000,0
740,15,58,2000,0
725,15,58,2000,0
710,15,58,2000,0
695,15,58,2000,0
680,15,58,2000,0
665,15,58,2000,0
650,15,58,2000,0
635,15,58,2000,0
620,15,58,2000,0
605,15,58,2000,0
590,15,58,2000,0
575,15,58,2000,0
560,15,58,2000,0
545,15,58,2000,0
530,15,58,2000,0
515,15,58,2000,0
500,15,58,2000,0
485,15,58,2000,0
470,15,58,2000,0
455,15,58,2000,0
440,15,58,2000,0
425,15,58,2000,0
410,15,58,2000,0
395,15,58,2000,0
380,15,58,2000,0
365,15,58,2000,1
350,15,58,2000,1
335,15,58,2000,1
320,15,58,2000,1
305,15,58,2000,1
290,15,58,2000,1
275,15,58,2000,1
260,15,58,2000,1
245,15,58,2000,1
230,15,58,2000,1
215,15,58,2000,1
200,15,58,2000,1
185,15,58,2000,0
170,15,58,2000,0
155,15,58,2000,0
140,15,58,2000,0
125,15,58,2000,0
110,15,58,2000,0
95,15,58,2000,0
80,15,58,2000,0
65,15,58,2000,0
50,15,58,2000,0
35,15,58,2000,0
20,15,58,1085,0
5,15,58,1070,0
-10,15,58,1055,0
-25,15,58,1040,0
-40,15,58,1025,0
-55,15,58,1010,0
-70,15,58,995,0
980,15,58,2000,0
965,15,58,2000,0
950,15,58,2000,0
935,15,58,2000,0
920,15,58,2000,0
905,15,58,2000,0
890,15,58,2000,0
875,15,58,2000,0
860,15,58,2000,0
845,15,58,2000,0
830,15,58,2000,0
815,15,58,2000,0
800,15,58,2000,0
785,15,58,2000,0
770,15,58,2000,0
755,15,58,2000,0
740,15,58,2000,0
725,15,58,2000,0
710,15,58,2000,0
695,15,58,2000,0
680,15,58,2000,0
665,15,58,2000,0
650,15,58,2000,0
635,15,58,2000,0
620,15,58,2000,0
605,15,58,2000,0
590,15,58,2000,0
575,15,58,2000,0
560,15,58,2000,0
545,15,58,2000,0
530,15,58,2000,0
515,15,58,2000,0
500,15,58,2000,0
485,15,58,2000,0
470,15,58,2000,0
455,15,58,2000,0
440,15,58,2000,0
425,15,58,2000,0
410,15,58,2000,0
395,15,58,2000,1
380,15,58,2000,1
365,15,58,2000,1
350,15,58,2000,1
335,15,58,2000,1
320,15,58,2000,1
305,15,58,2000,1
290,15,58,2000,1
275,15,58,2000,1
260,15,58,2000,1
245,15,58,2000,1
230,15,58,2000,1
215,15,58,2000,1
200,15,58,2000,1
185,15,58,2000,1
170,15,58,2000,1
155,15,58,2000,1
140,15,58,2000,1
125,15,58,2000,1
110,15,58,2000,0
95,15,58,2000,0
80,15,58,1085,0
65,15,58,1070,0
50,15,58,1055,0
35,15,58,1040,0
20,15,58,1025,0
5,15,58,1010,0
-10,15,58,995,0
-25,15,58,980,0
-40,15,58,965,0
-55,15,58,950,0
-70,15,58,935,0
920,15,58,2000,0
905,15,58,2000,0
890,15,58,2000,0
875,15,58,2000,0
860,15,58,2000,0
845,15,58,2000,0
830,15,58,2000,0
815,15,58,2000,0
800,15,58,2000,0
785,15,58,2000,0
770,15,58,2000,0
755,15,58,2000,0
740,15,58,2000,0
725,15,58,2000,0
710,15,58,2000,0
695,15,58,2000,0
680,15,58,2000,0
665,15,58,2000,0
650,15,58,2000,0
635,15,58,2000,0
620,15,58,2000,0
605,15,58,2000,0
590,15,58,2000,0
575,15,58,2000,0
560,15,58,2000,0
545,15,58,2000,0
530,15,58,2000,0
515,15,58,2000,0
500,15,58,2000,0
485,15,58,2000,0
470,15,58,2000,0
455,15,58,2000,0
440,15,58,2000,0
425,15,58,2000,0
410,15,58,2000,0
395,15,58,2000,0
380,15,58,2000,0
365,15,58,2000,0
350,15,58,2000,0
335,15,58,2000,1
320,15,58,2000,1
305,15,58,1085,1
290,15,58,1070,1
275,15,58,1055,1
260,15,58,1040,1
245,15,58,1025,1
230,15,58,1010,1
215,15,58,995,1
200,15,58,980,1
185,15,58,965,1
170,15,58,950,1
155,15,58,935,1
140,15,58,920,1
125,15,58,905,1
110,15,58,890,0
95,15,58,875,0
80,15,58,860,0
65,15,58,845,0
50,15,58,830,0
35,15,58,815,0
20,15,58,800,0
5,15,58,785,0
-10,15,58,770,0
-25,15,58,755,0
-40,15,58,740,0
-55,15,58,725,0
-70,15,58,710,0
695,15,123,2000,0
680,15,123,2000,0
665,15,123,2000,0
650,15,123,2000,0
635,15,123,2000,0
620,15,123,2000,0
605,16,123,2000,0
589,16,123,2000,0
573,16,123,2000,0
557,16,123,2000,0
541,16,123,2000,0
525,16,123,2000,0
509,16,123,2000,0
493,16,123,2000,0
477,16,123,2000,0
461,16,123,2000,0
445,16,123,2000,0
429,16,123,2000,0
413,16,123,2000,0
397,16,123,2000,0
381,16,123,2000,0
365,16,123,2000,0
349,16,123,2000,0
333,16,123,2000,0
317,16,123,2000,0
301,16,123,2000,0
285,16,123,2000,0
269,16,123,2000,0
253,16,123,2000,0
237,16,123,2000,0
221,16,123,2000,0
205,16,123,2000,0
189,16,123,2000,0
173,16,123,2000,0
157,16,123,2000,0
141,16,123,2000,0
125,16,123,1084,0
109,16,123,1068,0
93,16,123,1052,0
77,16,123,1036,0
61,16,123,1020,0
45,16,123,1004,0
29,16,123,988,0
13,16,123,972,0
-3,16,123,956,0
-19,16,123,940,0
-35,16,123,924,0
-51,16,123,908,0
892,16,38,2000,0
876,16,38,2000,0
860,16,38,2000,0
844,16,38,2000,0
828,16,38,2000,0
812,16,38,2000,0
796,16,38,2000,0
780,16,38,2000,0
764,16,38,2000,0
748,16,38,2000,0
732,16,38,2000,0
716,16,38,2000,0
700,16,38,2000,0
684,16,38,2000,0
668,16,38,2000,0
652,16,38,2000,0
636,16,38,2000,0
620,16,38,2000,0
604,16,38,2000,0
588,16,38,2000,0
572,16,38,2000,0
556,16,38,2000,0
540,16,38,2000,0
524,16,38,2000,0
508,16,38,2000,0
492,16,38,2000,0
476,16,38,2000,0
460,16,38,2000,0
444,16,38,2000,0
428,16,38,1084,0
412,16,38,1068,0
396,16,38,1052,0
380,16,38,1036,0
364,16,38,1020,0
348,16,38,1004,0
332,16,38,988,1
316,16,38,972,1
300,16,38,956,1
284,16,38,940,1
268,16,38,924,1
252,16,38,908,1
236,16,38,892,1
220,16,38,876,1
204,16,38,860,1
188,16,38,844,1
172,16,38,828,1
156,16,38,812,1
140,16,38,796,1
124,16,38,780,0
108,16,38,764,0
92,16,38,748,0
76,16,38,732,0
60,16,38,716,0
44,16,38,700,0
28,16,38,684,0
12,16,38,668,0
-4,16,38,652,0
-20,16,38,636,0
-36,16,38,620,0
-52,16,38,604,0
588,16,58,2000,0
572,16,58,2000,0
556,16,58,2000,0
540,16,58,2000,0
524,16,58,2000,0
508,16,58,2000,0
492,16,58,2000,0
476,16,58,2000,0
460,16,58,2000,0
444,16,58,2000,0
428,16,58,2000,0
412,16,58,2000,0
396,16,58,2000,0
380,16,58,2000,1
364,16,58,2000,1
348,16,58,2000,1
332,16,58,2000,1
316,16,58,2000,1
300,16,58,2000,1
284,16,58,2000,1
268,16,58,2000,1
252,16,58,2000,1
236,16,58,2000,1
220,16,58,2000,1
204,16,58,2000,1
188,16,58,2000,1
172,16,58,2000,0
156,16,58,2000,0
140,16,58,1084,0
124,16,58,1068,0
108,16,58,1052,0
92,16,58,1036,0
76,16,58,1020,0
60,16,58,1004,0
44,16,58,988,0
28,16,58,972,0
12,16,58,956,0
-4,16,58,940,0
-20,16,58,924,0
-36,16,58,908,0
-52,16,58,892,0
-68,16,58,876,0
860,16,38,2000,0
844,16,38,2000,0
828,16,38,2000,0
812,16,38,2000,0
796,16,38,2000,0
780,16,38,2000,0
764,16,38,2000,0
748,16,38,2000,0
732,16,38,2000,0
716,16,38,2000,0
700,16,38,2000,0
684,16,38,2000,0
668,16,38,2000,0
652,16,38,2000,0
636,16,38,2000,0
620,16,38,2000,0
604,16,38,2000,0
588,16,38,2000,0
572,16,38,2000,0
556,16,38,2000,0
540,16,38,2000,0
524,16,38,2000,0
508,16,38,2000,0
492,16,38,2000,0
476,16,38,2000,0
460,16,38,2000,0
444,16,38,2000,0
428,16,38,2000,0
412,16,38,2000,0
396,16,38,2000,0
380,16,38,2000,0
364,16,38,2000,0
348,16,38,2000,0
332,16,38,2000,0
316,16,38,2000,1
300,16,38,2000,1
284,16,38,1084,1
268,16,38,1068,1
252,16,38,1052,1
236,16,38,1036,1
220,16,38,1020,1
204,16,38,1004,1
188,16,38,988,1
172,16,38,972,1
156,16,38,956,1
140,16,38,940,1
124,16,38,924,0
108,16,38,908,0
92,16,38,892,0
76,16,38,876,0
60,16,38,860,0
44,16,38,844,0
28,16,38,828,0
12,16,38,812,0
-4,16,38,796,0
-20,16,38,780,0
-36,16,38,764,0
-52,16,38,748,0
-68,16,38,732,0
716,16,38,2000,0
700,16,38,2000,0
684,16,38,2000,0
668,16,38,2000,0
652,16,38,2000,0
636,16,38,2000,0
620,16,38,2000,0
604,16,38,2000,0
588,16,38,2000,0
572,16,38,2000,0
556,16,38,2000,0
540,16,38,2000,0
524,16,38,2000,0
508,16,38,2000,0
492,16,38,2000,0
476,16,38,1084,0
460,16,38,1068,0
444,16,38,1052,0
428,16,38,1036,0
412,16,38,1020,0
396,16,38,1004,0
380,16,38,988,0
364,16,38,972,0
348,16,38,956,0
332,16,38,940,1
316,16,38,924,1
300,16,38,908,1
284,16,38,892,1
268,16,38,876,1
252,16,38,860,1
236,16,38,844,1
220,16,38,828,1
204,16,38,812,1
188,16,38,796,1
172,16,38,780,1
156,16,38,764,1
140,16,38,748,0
124,16,38,732,0
108,16,38,716,0
92,16,38,700,0
76,16,38,684,0
60,16,38,668,0
44,16,38,652,0
28,16,38,636,0
12,16,38,620,0
-4,16,38,604,0
-20,16,38,588,0
-36,16,38,572,0
556,16,58,2000,0
540,16,58,2000,0
524,16,58,2000,0
508,16,58,2000,0
492,16,58,2000,0
476,16,58,2000,0
460,16,58,2000,0
444,16,58,2000,0
428,16,58,2000,0
412,16,58,2000,0
396,16,58,2000,0
380,16,58,2000,1
364,16,58,2000,1
348,16,58,2000,1
332,16,58,2000,1
316,16,58,2000,1
300,16,58,2000,1
284,16,58,2000,1
268,16,58,2000,1
252,16,58,2000,1
236,16,58,2000,1
220,16,58,2000,1
204,16,58,2000,1
188,16,58,2000,1
172,16,58,2000,0
156,16,58,2000,0
140,16,58,2000,0
124,16,58,2000,0
108,16,58,2000,0
92,16,58,2000,0
76,16,58,1084,0
60,16,58,1068,0
44,16,58,1052,0
28,16,58,1036,0
12,16,58,1020,0
-4,16,58,1004,0
-20,16,58,988,0
-36,16,58,972,0
-52,16,58,956,0
-68,16,58,940,0
924,16,38,2000,0
908,16,38,2000,0
892,16,38,2000,0
876,16,38,2000,0
860,16,38,2000,0
844,16,38,2000,0
828,16,38,2000,0
812,16,38,2000,0
796,16,38,2000,0
780,16,38,2000,0
764,16,38,2000,0
748,16,38,2000,0
732,16,38,2000,0
716,16,38,2000,0
700,16,38,2000,0
684,16,38,2000,0
668,16,38,2000,0
652,16,38,2000,0
636,16,38,2000,0
620,16,38,2000,0
604,16,38,1084,0
588,16,38,1068,0
572,16,38,1052,0
556,16,38,1036,0
540,16,38,1020,0
524,16,38,1004,0
508,16,38,988,0
492,16,38,972,0
476,16,38,956,0
460,16,38,940,0
444,16,38,924,0
428,16,38,908,0
412,16,38,892,0
396,16,38,876,0
380,16,38,860,0
364,16,38,844,0
348,16,38,828,0
332,16,38,812,1
316,16,38,796,1
300,16,38,780,1
284,16,38,764,1
268,16,38,748,1
252,16,38,732,1
236,16,38,716,1
220,16,38,700,1
204,16,38,684,1
188,16,38,668,1
172,16,38,652,1
156,16,38,636,0
140,16,38,620,0
124,16,38,604,0
108,16,38,588,0
92,16,38,572,0
76,16,38,556,0
60,16,38,540,0
44,16,38,524,0
28,16,38,508,0
12,16,38,492,0
-4,16,38,476,0
-20,16,38,460,0
-36,16,38,444,0
-52,16,38,428,0
-68,16,38,412,0
396,16,58,2000,0
380,16,58,2000,0
364,16,58,2000,0
348,16,58,2000,0
332,16,58,2000,0
316,16,58,2000,1
300,16,58,1084,1
284,16,58,1068,1
268,16,58,1052,1
252,16,58,1036,1
236,16,58,1020,1
220,16,58,1004,1
204,16,58,988,1
188,16,58,972,1
172,16,58,956,1
156,16,58,940,0
140,16,58,924,0
124,16,58,908,0
108,16,58,892,0
92,16,58,876,0
76,16,58,860,0
60,16,58,844,0
44,16,58,828,0
28,16,58,812,0
12,16,58,796,0
-4,16,58,780,0
-20,16,58,764,0
-36,16,58,748,0
732,16,38,2000,0
716,16,38,2000,0
700,16,38,2000,0
684,16,38,2000,0
668,16,38,2000,0
652,16,38,2000,0
636,16,38,2000,0
620,16,38,2000,0
604,16,38,2000,0
588,16,38,2000,0
572,16,38,2000,0
556,16,38,2000,0
540,16,38,2000,0
524,16,38,2000,0
508,16,38,2000,0
492,16,38,2000,0
476,16,38,2000,0
460,16,38,2000,0
444,17,38,2000,0
427,17,38,2000,0
410,17,38,2000,0
393,17,38,2000,0
376,17,38,2000,0
359,17,38,2000,0
342,17,38,2000,0
325,17,38,2000,0
308,17,38,2000,0
291,17,38,2000,0
274,17,38,2000,1
257,17,38,2000,1
240,17,38,2000,1
223,17,38,2000,1
206,17,38,2000,1
189,17,38,2000,1
172,17,38,1083,1
155,17,38,1066,1
138,17,38,1049,1
121,17,38,1032,1
104,17,38,1015,0
87,17,38,998,0
70,17,38,981,0
53,17,38,964,0
36,17,38,947,0
19,17,38,930,0
2,17,38,913,0
-15,17,38,896,0
-32,17,38,879,0
-49,17,38,862,0
-66,17,38,845,0
828,17,83,2000,0
811,17,83,2000,0
794,17,83,2000,0
777,17,83,2000,0
760,17,83,2000,0
743,17,83,2000,0
726,17,83,2000,0
709,17,83,2000,0
692,17,83,2000,0
675,17,83,2000,0
658,17,83,2000,0
641,17,83,2000,0
624,17,83,2000,0
607,17,83,2000,0
590,17,83,2000,0
573,17,83,2000,0
556,17,83,2000,0
539,17,83,2000,0
522,17,83,2000,0
505,17,83,2000,0
488,17,83,2000,0
471,17,83,2000,0
454,17,83,2000,0
437,17,83,2000,0
420,17,83,2000,0
403,17,83,2000,0
386,17,83,2000,0
369,17,83,1083,0
352,17,83,1066,0
335,17,83,1049,0
318,17,83,1032,0
301,17,83,1015,0
284,17,83,998,0
267,17,83,981,0
250,17,83,964,0
233,17,83,947,0
216,17,83,930,0
199,17,83,913,0
182,17,83,896,0
165,17,83,879,0
148,17,83,862,0
131,17,83,845,0
114,17,83,828,0
97,17,83,811,0
80,17,83,794,0
63,17,83,777,0
46,17,83,760,0
29,17,83,743,0
12,17,83,726,0
-5,17,83,709,0
-22,17,83,692,0
-39,17,83,675,0
-56,17,83,658,0
641,17,58,2000,0
624,17,58,2000,0
607,17,58,2000,0
590,17,58,2000,0
573,17,58,2000,0
556,17,58,2000,0
539,17,58,2000,0
522,17,58,2000,0
505,17,58,2000,0
488,17,58,2000,0
471,17,58,2000,0
454,17,58,2000,0
437,17,58,2000,0
420,17,58,2000,0
403,17,58,2000,0
386,17,58,1083,0
369,17,58,1066,0
352,17,58,1049,0
335,17,58,1032,0
318,17,58,1015,0
301,17,58,998,1
284,17,58,981,1
267,17,58,964,1
250,17,58,947,1
233,17,58,930,1
216,17,58,913,1
199,17,58,896,1
182,17,58,879,1
165,17,58,862,1
148,17,58,845,1
131,17,58,828,1
114,17,58,811,0
97,17,58,794,0
80,17,58,777,0
63,17,58,760,0
46,17,58,743,0
29,17,58,726,0
12,17,58,709,0
-5,17,58,692,0
-22,17,58,675,0
658,17,38,2000,0
641,17,38,2000,0
624,17,38,2000,0
607,17,38,2000,0
590,17,38,2000,0
573,17,38,2000,0
556,17,38,2000,0
539,17,38,2000,0
522,17,38,2000,0
505,17,38,2000,0
488,17,38,2000,0
471,17,38,2000,0
454,17,38,2000,0
437,17,38,2000,0
420,17,38,2000,0
403,17,38,2000,0
386,17,38,2000,1
369,17,38,2000,1
352,17,38,2000,1
335,17,38,2000,1
318,17,38,2000,1
301,17,38,2000,1
284,17,38,2000,1
267,17,38,2000,1
250,17,38,2000,1
233,17,38,2000,1
216,17,38,2000,1
199,17,38,2000,1
182,17,38,1083,1
165,17,38,1066,0
148,17,38,1049,0
131,17,38,1032,0
114,17,38,1015,0
97,17,38,998,0
80,17,38,981,0
63,17,38,964,0
46,17,38,947,0
29,17,38,930,0
12,17,38,913,0
-5,17,38,896,0
-22,17,38,879,0
-39,17,38,862,0
845,17,38,2000,0
828,17,38,2000,0
811,17,38,2000,0
794,17,38,2000,0
777,17,38,2000,0
760,17,38,2000,0
743,17,38,2000,0
726,17,38,2000,0
709,17,38,2000,0
692,17,38,2000,0
675,17,38,2000,0
658,17,38,2000,0
641,17,38,2000,0
624,17,38,2000,0
607,17,38,2000,0
590,17,38,2000,0
573,17,38,2000,0
556,17,38,2000,0
539,17,38,2000,0
522,17,38,1083,0
505,17,38,1066,0
488,17,38,1049,0
471,17,38,1032,0
454,17,38,1015,0
437,17,38,998,0
420,17,38,981,0
403,17,38,964,0
386,17,38,947,0
369,17,38,930,0
352,17,38,913,0
335,17,38,896,1
318,17,38,879,1
301,17,38,862,1
284,17,38,845,1
267,17,38,828,1
250,17,38,811,1
233,17,38,794,1
216,17,38,777,1
199,17,38,760,1
182,17,38,743,1
165,17,38,726,1
148,17,38,709,1
131,17,38,692,1
114,17,38,675,0
97,17,38,658,0
80,17,38,641,0
63,17,38,624,0
46,17,38,607,0
29,17,38,590,0
12,17,38,573,0
-5,17,38,556,0
-22,17,38,539,0
522,17,58,2000,0
505,17,58,2000,0
488,17,58,2000,0
471,17,58,2000,0
454,17,58,2000,0
437,17,58,2000,0
420,17,58,2000,0
403,17,58,2000,0
386,17,58,2000,0
369,17,58,2000,0
352,17,58,2000,0
335,17,58,2000,0
318,17,58,2000,1
301,17,58,2000,1
284,17,58,2000,1
267,17,58,2000,1
250,17,58,1083,1
233,17,58,1066,1
216,17,58,1049,1
199,17,58,1032,1
182,17,58,1015,1
165,17,58,998,1
148,17,58,981,0
131,17,58,964,0
114,17,58,947,0
97,17,58,930,0
80,17,58,913,0
63,17,58,896,0
46,17,58,879,0
29,17,58,862,0
12,17,58,845,0
-5,17,58,828,0
-22,17,58,811,0
794,17,38,2000,0
777,17,38,2000,0
760,17,38,2000,0
743,17,38,2000,0
726,17,38,2000,0
709,17,38,2000,0
692,17,38,2000,0
675,17,38,2000,0
658,17,38,2000,0
641,17,38,2000,0
624,17,38,2000,0
607,17,38,2000,0
590,17,38,2000,0
573,17,38,2000,0
556,17,38,2000,0
539,17,38,2000,0
522,17,38,2000,0
505,17,38,2000,0
488,17,38,2000,0
471,17,38,2000,0
454,17,38,2000,0
437,17,38,2000,0
420,17,38,2000,0
403,17,38,2000,0
386,17,38,2000,0
369,17,38,2000,0
352,17,38,2000,0
335,17,38,2000,0
318,17,38,2000,1
301,17,38,2000,1
284,17,38,2000,1
267,17,38,2000,1
250,17,38,2000,1
233,17,38,2000,1
216,17,38,2000,1
199,17,38,2000,1
182,17,38,1083,1
165,17,38,1066,1
148,17,38,1049,1
131,17,38,1032,0
114,17,38,1015,0
97,17,38,998,0
80,17,38,981,0
63,17,38,964,0
46,17,38,947,0
29,17,38,930,0
12,17,38,913,0
-5,17,38,896,0
-22,17,38,879,0
-39,17,38,862,0
845,17,38,2000,0
828,17,38,2000,0
811,17,38,2000,0
794,17,38,2000,0
777,17,38,2000,0
760,17,38,2000,0
743,17,38,2000,0
726,17,38,2000,0
709,17,38,2000,0
692,17,38,2000,0
675,17,38,2000,0
658,17,38,2000,0
641,17,38,2000,0
624,17,38,2000,0
607,17,38,2000,0
590,17,38,2000,0
573,17,38,2000,0
556,17,38,2000,0
539,17,38,2000,0
522,17,38,2000,0
505,17,38,2000,0
488,17,38,2000,0
471,17,38,2000,0
454,17,38,2000,0
437,17,38,2000,0
420,17,38,2000,0
403,17,38,2000,0
386,17,38,2000,0
369,17,38,2000,1
352,17,38,2000,1
335,17,38,2000,1
318,17,38,2000,1
301,17,38,2000,1
284,17,38,2000,1
267,17,38,2000,1
250,17,38,2000,1
233,17,38,2000,1
216,17,38,2000,1
199,17,38,2000,1
182,17,38,2000,1
165,17,38,2000,1
148,17,38,2000,1
131,17,38,2000,0
114,17,38,2000,0
97,17,38,2000,0
80,17,38,2000,0
63,17,38,2000,0
46,17,38,2000,0
29,17,38,2000,0
12,17,38,1083,0
-5,17,38,1066,0
-22,17,38,1049,0
1032,17,83,2000,0
1015,17,83,2000,0
998,17,83,2000,0
981,17,83,2000,0
964,17,83,2000,0
947,17,83,2000,0
930,17,83,2000,0
913,17,83,2000,0
896,17,83,2000,0
879,17,83,2000,0
862,17,83,2000,0
845,17,83,2000,0
828,17,83,2000,0
811,17,83,2000,0
794,17,83,2000,0
777,17,83,2000,0
760,17,83,2000,0
743,17,83,2000,0
726,17,83,2000,0
709,17,83,2000,0
692,17,83,2000,0
675,17,83,2000,0
658,17,83,2000,0
641,17,83,2000,0
624,17,83,2000,0
607,17,83,2000,0
590,17,83,2000,0
573,17,83,2000,0
556,17,83,2000,0
539,17,83,2000,0
522,17,83,2000,0
505,17,83,2000,0
488,17,83,2000,0
471,17,83,2000,0
454,17,83,2000,0
437,17,83,2000,0
420,17,83,2000,0
403,17,83,2000,0
386,17,83,2000,0
369,17,83,2000,0
352,17,83,2000,0
335,17,83,2000,0
318,17,83,2000,0
301,17,83,2000,0
284,17,83,2000,0
267,17,83,2000,0
250,17,83,2000,0
233,18,83,2000,0
215,18,83,2000,0
197,18,83,2000,0
179,18,83,1082,0
161,18,83,1064,0
143,18,83,1046,0
125,18,83,1028,0
107,18,83,1010,0
89,18,83,992,0
71,18,83,974,0
53,18,83,956,0
35,18,83,938,0
17,18,83,920,0
-1,18,83,902,0
-19,18,83,884,0
-37,18,83,866,0
-55,18,83,848,0
830,18,38,2000,0
812,18,38,2000,0
794,18,38,2000,0
776,18,38,2000,0
758,18,38,2000,0
740,18,38,2000,0
722,18,38,2000,0
704,18,38,2000,0
686,18,38,2000,0
668,18,38,2000,0
650,18,38,2000,0
632,18,38,2000,0
614,18,38,2000,0
596,18,38,2000,0
578,18,38,2000,0
560,18,38,2000,0
542,18,38,2000,0
524,18,38,2000,0
506,18,38,2000,0
488,18,38,2000,0
470,18,38,2000,0
452,18,38,2000,0
434,18,38,2000,0
416,18,38,2000,0
398,18,38,2000,0
380,18,38,2000,0
362,18,38,2000,0
344,18,38,2000,0
326,18,38,2000,0
308,18,38,2000,0
290,18,38,2000,1
272,18,38,2000,1
254,18,38,2000,1
236,18,38,2000,1
218,18,38,2000,1
200,18,38,2000,1
182,18,38,2000,1
164,18,38,1082,1
146,18,38,1064,1
128,18,38,1046,1
110,18,38,1028,1
92,18,38,1010,1
74,18,38,992,1
56,18,38,974,1
38,18,38,956,0
20,18,38,938,0
2,18,38,920,0
-16,18,38,902,0
-34,18,38,884,0
-52,18,38,866,0
-70,18,38,848,0
830,18,38,2000,0
812,18,38,2000,0
794,18,38,2000,0
776,18,38,2000,0
758,18,38,2000,0
740,18,38,2000,0
722,18,38,2000,0
704,18,38,2000,0
686,18,38,2000,0
668,18,38,2000,0
650,18,38,2000,0
632,18,38,2000,0
614,18,38,2000,0
596,18,38,2000,0
578,18,38,2000,0
560,18,38,2000,0
542,18,38,2000,0
524,18,38,2000,0
506,18,38,2000,0
488,18,38,2000,0
470,18,38,2000,0
452,18,38,2000,0
434,18,38,2000,0
416,18,38,2000,0
398,18,38,2000,0
380,18,38,2000,0
362,18,38,2000,0
344,18,38,2000,1
326,18,38,2000,1
308,18,38,2000,1
290,18,38,2000,1
272,18,38,2000,1
254,18,38,2000,1
236,18,38,2000,1
218,18,38,2000,1
200,18,38,2000,1
182,18,38,2000,1
164,18,38,2000,1
146,18,38,2000,0
128,18,38,2000,0
110,18,38,2000,0
92,18,38,2000,0
74,18,38,2000,0
56,18,38,1082,0
38,18,38,1064,0
20,18,38,1046,0
2,18,38,1028,0
-16,18,38,1010,0
-34,18,38,992,0
974,18,38,2000,0
956,18,38,2000,0
938,18,38,2000,0
920,18,38,2000,0
902,18,38,2000,0
884,18,38,2000,0
866,18,38,2000,0
848,18,38,2000,0
830,18,38,2000,0
812,18,38,2000,0
794,18,38,2000,0
776,18,38,2000,0
758,18,38,2000,0
740,18,38,2000,0
722,18,38,2000,0
704,18,38,2000,0
686,18,38,2000,0
668,18,38,2000,0
650,18,38,2000,0
632,18,38,2000,0
614,18,38,2000,0
596,18,38,2000,0
578,18,38,2000,0
560,18,38,2000,0
542,18,38,2000,0
524,18,38,2000,0
506,18,38,2000,0
488,18,38,2000,0
470,18,38,2000,0
452,18,38,2000,0
434,18,38,2000,0
416,18,38,2000,0
398,18,38,2000,0
380,18,38,2000,0
362,18,38,2000,0
344,18,38,2000,0
326,18,38,2000,1
308,18,38,2000,1
290,18,38,2000,1
272,18,38,2000,1
254,18,38,2000,1
236,18,38,2000,1
218,18,38,2000,1
200,18,38,2000,1
182,18,38,2000,1
164,18,38,2000,1
146,18,38,2000,1
128,18,38,2000,1
110,18,38,2000,1
92,18,38,2000,1
74,18,38,1082,0
56,18,38,1064,0
38,18,38,1046,0
20,18,38,1028,0
2,18,38,1010,0
-16,18,38,992,0
974,18,123,2000,0
956,18,123,2000,0
938,18,123,2000,0
920,18,123,2000,0
902,18,123,2000,0
884,18,123,2000,0
866,18,123,2000,0
848,18,123,2000,0
830,18,123,2000,0
812,18,123,2000,0
794,18,123,2000,0
776,18,123,2000,0
758,18,123,2000,0
740,18,123,2000,0
722,18,123,2000,0
704,18,123,2000,0
686,18,123,2000,0
668,18,123,2000,0
650,18,123,2000,0
632,18,123,2000,0
614,18,123,2000,0
596,18,123,2000,0
578,18,123,2000,0
560,18,123,2000,0
542,18,123,2000,0
524,18,123,2000,0
506,18,123,2000,0
488,18,123,2000,0
470,18,123,2000,0
452,18,123,2000,0
434,18,123,2000,0
416,18,123,2000,0
398,18,123,2000,0
380,18,123,2000,0
362,18,123,2000,0
344,18,123,2000,0
326,18,123,2000,0
308,18,123,2000,0
290,18,123,2000,0
272,18,123,2000,0
254,18,123,2000,0
236,18,123,2000,0
218,18,123,2000,0
200,18,123,2000,0
182,18,123,2000,0
164,18,123,1082,0
146,18,123,1064,0
128,18,123,1046,0
110,18,123,1028,0
92,18,123,1010,0
74,18,123,992,0
56,18,123,974,0
38,18,123,956,0
20,18,123,938,0
2,18,123,920,0
-16,18,123,902,0
-34,18,123,884,0
-52,18,123,866,0
848,18,123,2000,0
830,18,123,2000,0
812,18,123,2000,0
794,18,123,2000,0
776,18,123,2000,0
758,18,123,2000,0
740,18,123,2000,0
722,18,123,2000,0
704,18,123,2000,0
686,18,123,2000,0
668,18,123,2000,0
650,18,123,2000,0
632,18,123,2000,0
614,18,123,2000,0
596,18,123,2000,0
578,18,123,2000,0
560,18,123,2000,0
542,18,123,2000,0
524,18,123,2000,0
506,18,123,2000,0
488,18,123,2000,0
470,18,123,2000,0
452,18,123,1082,0
434,18,123,1064,0
416,18,123,1046,0
398,18,123,1028,0
380,18,123,1010,0
362,18,123,992,0
344,18,123,974,0
326,18,123,956,0
308,18,123,938,0
290,18,123,920,0
272,18,123,902,0
254,18,123,884,0
236,18,123,866,0
218,18,123,848,0
200,18,123,830,0
182,18,123,812,0
164,18,123,794,0
146,18,123,776,0
128,18,123,758,0
110,18,123,740,0
92,18,123,722,0
74,18,123,704,0
56,18,123,686,0
38,18,123,668,0
20,18,123,650,0
2,18,123,632,0
-16,18,123,614,0
-34,18,123,596,0
-52,18,123,578,0
560,18,38,2000,0
542,18,38,2000,0
524,18,38,2000,0
506,18,38,2000,0
488,18,38,2000,0
470,18,38,2000,0
452,18,38,2000,0
434,18,38,2000,0
416,18,38,2000,0
398,18,38,2000,0
380,18,38,2000,1
362,18,38,2000,1
344,18,38,2000,1
326,18,38,2000,1
308,18,38,2000,1
290,18,38,2000,1
272,18,38,2000,1
254,18,38,2000,1
236,18,38,2000,1
218,18,38,2000,1
200,18,38,2000,0
182,18,38,2000,0
164,18,38,2000,0
146,18,38,2000,0
128,18,38,2000,0
110,18,38,2000,0
92,18,38,2000,0
74,18,38,2000,0
56,18,38,2000,0
38,18,38,2000,0
20,18,38,2000,0
2,18,38,2000,0
-16,18,38,2000,0
-34,18,38,1082,0
1064,18,38,2000,0
1046,18,38,2000,0
1028,18,38,2000,0
1010,18,38,2000,0
992,18,38,2000,0
974,18,38,2000,0
956,18,38,2000,0
938,18,38,2000,0
920,18,38,2000,0
902,18,38,2000,0
884,18,38,2000,0
866,18,38,2000,0
848,18,38,2000,0
830,18,38,2000,0
812,18,38,2000,0
794,18,38,2000,0
776,18,38,2000,0
758,18,38,2000,0
740,18,38,2000,0
722,18,38,2000,0
704,18,38,2000,0
686,18,38,2000,0
668,18,38,2000,0
650,18,38,2000,0
632,18,38,2000,0
614,18,38,2000,0
596,18,38,2000,0
578,18,38,2000,0
560,18,38,2000,0
542,18,38,2000,0
524,18,38,2000,0
506,18,38,2000,0
488,18,38,2000,0
470,18,38,2000,0
452,18,38,2000,0
434,18,38,2000,0
416,18,38,2000,0
398,18,38,2000,0
380,18,38,2000,1
362,18,38,2000,1
344,18,38,2000,1
326,18,38,2000,1
308,18,38,2000,1
290,18,38,2000,1
272,18,38,2000,1
254,18,38,2000,1
236,18,38,2000,1
218,18,38,2000,1
200,18,38,2000,1
182,18,38,2000,0
164,18,38,2000,0
146,18,38,2000,0
128,18,38,2000,0
110,18,38,2000,0
92,18,38,2000,0
74,18,38,2000,0
56,18,38,2000,0
38,18,38,2000,0
20,18,38,2000,0
2,18,38,2000,0
-16,18,38,2000,0
-34,18,38,1082,0
-52,18,38,1064,0
-70,18,38,1046,0
1028,18,58,2000,0
1010,18,58,2000,0
992,18,58,2000,0
974,18,58,2000,0
956,18,58,2000,0
938,18,58,2000,0
920,18,58,2000,0
902,18,58,2000,0
884,18,58,2000,0
866,18,58,2000,0
848,18,58,2000,0
830,18,58,2000,0
812,18,58,2000,0
794,18,58,2000,0
776,18,58,2000,0
758,18,58,2000,0
740,18,58,2000,0
722,18,58,2000,0
704,18,58,2000,0
686,18,58,2000,0
668,19,58,2000,0
649,19,58,2000,0
630,19,58,2000,0
611,19,58,2000,0
592,19,58,2000,0
573,19,58,2000,0
554,19,58,2000,0
535,19,58,2000,0
516,19,58,2000,0
497,19,58,2000,0
478,19,58,2000,0
459,19,58,2000,0
440,19,58,2000,0
421,19,58,2000,1
402,19,58,2000,1
383,19,58,2000,1
364,19,58,2000,1
345,19,58,2000,1
326,19,58,2000,1
307,19,58,2000,1
288,19,58,2000,1
269,19,58,2000,1
250,19,58,2000,1
231,19,58,2000,1
212,19,58,1081,1
193,19,58,1062,1
174,19,58,1043,1
155,19,58,1024,1
136,19,58,1005,1
117,19,58,986,1
98,19,58,967,1
79,19,58,948,1
60,19,58,929,1
41,19,58,910,1
22,19,58,891,0
3,19,58,872,0
-16,19,58,853,0
-35,19,58,834,0
815,19,83,2000,0
796,19,83,2000,0
777,19,83,2000,0
758,19,83,2000,0
739,19,83,2000,0
720,19,83,2000,0
701,19,83,2000,0
682,19,83,2000,0
663,19,83,2000,0
644,19,83,2000,0
625,19,83,2000,0
606,19,83,2000,0
587,19,83,2000,0
568,19,83,2000,0
549,19,83,2000,0
530,19,83,2000,0
511,19,83,2000,0
492,19,83,2000,0
473,19,83,2000,0
454,19,83,2000,0
435,19,83,2000,0
416,19,83,2000,0
397,19,83,2000,0
378,19,83,2000,0
359,19,83,2000,0
340,19,83,2000,0
321,19,83,2000,0
302,19,83,2000,0
283,19,83,2000,0
264,19,83,2000,0
245,19,83,2000,0
226,19,83,2000,0
207,19,83,2000,0
188,19,83,1081,0
169,19,83,1062,0
150,19,83,1043,0
131,19,83,1024,0
112,19,83,1005,0
93,19,83,986,0
74,19,83,967,0
55,19,83,948,0
36,19,83,929,0
17,19,83,910,0
-2,19,83,891,0
-21,19,83,872,0
-40,19,83,853,0
-59,19,83,834,0
815,19,58,2000,0
796,19,58,2000,0
777,19,58,2000,0
758,19,58,2000,0
739,19,58,2000,0
720,19,58,2000,0
701,19,58,2000,0
682,19,58,2000,0
663,19,58,2000,0
644,19,58,2000,0
625,19,58,2000,0
606,19,58,2000,0
587,19,58,2000,0
568,19,58,2000,0
549,19,58,2000,0
530,19,58,2000,0
511,19,58,2000,0
492,19,58,2000,0
473,19,58,2000,0
454,19,58,2000,0
435,19,58,2000,0
416,19,58,2000,0
397,19,58,2000,0
378,19,58,2000,0
359,19,58,2000,0
340,19,58,2000,0
321,19,58,2000,1
302,19,58,2000,1
283,19,58,2000,1
264,19,58,2000,1
245,19,58,2000,1
226,19,58,2000,1
207,19,58,2000,1
188,19,58,2000,1
169,19,58,2000,1
150,19,58,2000,1
131,19,58,2000,1
112,19,58,2000,0
93,19,58,2000,0
74,19,58,1081,0
55,19,58,1062,0
36,19,58,1043,0
17,19,58,1024,0
-2,19,58,1005,0
-21,19,58,986,0
967,19,38,2000,0
948,19,38,2000,0
929,19,38,2000,0
910,19,38,2000,0
891,19,38,2000,0
872,19,38,2000,0
853,19,38,2000,0
834,19,38,2000,0
815,19,38,2000,0
796,19,38,2000,0
777,19,38,2000,0
758,19,38,2000,0
739,19,38,2000,0
720,19,38,2000,0
701,19,38,2000,0
682,19,38,2000,0
663,19,38,2000,0
644,19,38,2000,0
625,19,38,2000,0
606,19,38,2000,0
587,19,38,2000,0
568,19,38,2000,0
549,19,38,2000,0
530,19,38,2000,0
511,19,38,2000,0
492,19,38,2000,0
473,19,38,2000,0
454,19,38,2000,0
435,19,38,2000,0
416,19,38,2000,0
397,19,38,2000,0
378,19,38,2000,0
359,19,38,2000,0
340,19,38,2000,0
321,19,38,2000,0
302,19,38,2000,0
283,19,38,2000,0
264,19,38,2000,1
245,19,38,2000,1
226,19,38,1081,1
207,19,38,1062,1
188,19,38,1043,1
169,19,38,1024,1
150,19,38,1005,1
131,19,38,986,1
112,19,38,967,1
93,19,38,948,1
74,19,38,929,1
55,19,38,910,1
36,19,38,891,1
17,19,38,872,0
-2,19,38,853,0
-21,19,38,834,0
-40,19,38,815,0
-59,19,38,796,0
777,19,58,2000,0
758,19,58,2000,0
739,19,58,2000,0
720,19,58,2000,0
701,19,58,2000,0
682,19,58,2000,0
663,19,58,2000,0
644,19,58,2000,0
625,19,58,2000,0
606,19,58,2000,0
587,19,58,2000,0
568,19,58,2000,0
549,19,58,2000,0
530,19,58,2000,0
511,19,58,2000,0
492,19,58,2000,0
473,19,58,2000,0
454,19,58,2000,0
435,19,58,2000,0
416,19,58,2000,0
397,19,58,2000,0
378,19,58,2000,0
359,19,58,2000,1
340,19,58,2000,1
321,19,58,2000,1
302,19,58,2000,1
283,19,58,2000,1
264,19,58,2000,1
245,19,58,1081,1
226,19,58,1062,1
207,19,58,1043,1
188,19,58,1024,1
169,19,58,1005,1
150,19,58,986,1
131,19,58,967,1
112,19,58,948,0
93,19,58,929,0
74,19,58,910,0
55,19,58,891,0
36,19,58,872,0
17,19,58,853,0
-2,19,58,834,0
-21,19,58,815,0
-40,19,58,796,0
-59,19,58,777,0
-78,19,58,758,0
739,19,58,2000,0
720,19,58,2000,0
701,19,58,2000,0
682,19,58,2000,0
663,19,58,2000,0
644,19,58,2000,0
625,19,58,2000,0
606,19,58,1081,0
587,19,58,1062,0
568,19,58,1043,0
549,19,58,1024,0
530,19,58,1005,0
511,19,58,986,0
492,19,58,967,0
473,19,58,948,0
454,19,58,929,0
435,19,58,910,0
416,19,58,891,0
397,19,58,872,1
378,19,58,853,1
359,19,58,834,1
340,19,58,815,1
321,19,58,796,1
302,19,58,777,1
283,19,58,758,1
264,19,58,739,1
245,19,58,720,1
226,19,58,701,1
207,19,58,682,1
188,19,58,663,1
169,19,58,644,1
150,19,58,625,1
131,19,58,606,1
112,19,58,587,1
93,19,58,2000,1
74,19,58,2000,1
55,19,58,2000,1
36,19,58,2000,0
17,19,58,2000,0
-2,19,58,2000,0
-21,19,58,2000,0
435,19,58,948,0
416,19,58,929,0
397,19,58,910,0
378,19,58,891,0
359,19,58,872,0
340,19,58,853,0
321,19,58,834,0
302,19,58,815,1
283,19,58,796,1
264,19,58,777,1
245,19,58,758,1
226,19,58,739,1
207,19,58,720,1
188,19,58,701,1
169,19,58,682,1
1500,10,0,2000,0
1500,10,0,2000,0
1090,10,58,2000,0
1080,10,58,2000,0
1070,10,58,2000,0
1060,10,58,2000,0
1050,10,58,2000,0
1040,10,58,2000,0
1030,10,58,2000,0
1020,10,58,2000,0
1010,10,58,2000,0
1000,10,58,2000,0
990,10,58,2000,0
980,10,58,2000,0
970,10,58,2000,0
960,10,58,2000,0
950,10,58,2000,0
940,10,58,2000,0
930,10,58,2000,0
920,10,58,2000,0
910,10,58,2000,0
900,10,58,2000,0
890,10,58,2000,0
