1500,10,0,2000,0
1090,10,38,2000,0
1080,10,38,2000,0
1070,10,38,2000,0
1060,10,38,2000,0
1050,10,38,2000,0
1040,10,38,2000,0
1030,10,38,2000,0
1020,10,38,2000,0
1010,10,38,2000,0
1000,10,38,2000,0
990,10,38,2000,0
980,10,38,2000,0
970,10,38,2000,0
960,10,38,2000,0
950,10,38,2000,0
940,10,38,2000,0
930,10,38,2000,0
920,10,38,2000,0
910,10,38,2000,0
900,10,38,2000,0
890,10,38,2000,0
880,10,38,2000,0
870,10,38,2000,0
860,10,38,2000,0
850,10,38,2000,0
840,10,38,2000,0
830,10,38,2000,0
820,10,38,2000,0
810,10,38,2000,0
800,10,38,2000,0
790,10,38,2000,0
780,10,38,2000,0
770,10,38,2000,0
760,10,38,2000,0
750,10,38,2000,0
740,10,38,2000,0
730,10,38,2000,0
720,10,38,2000,0
710,10,38,2000,0
700,10,38,2000,0
690,10,38,2000,0
680,10,38,2000,0
670,10,38,2000,0
660,10,38,2000,0
650,10,38,2000,0
640,10,38,2000,0
630,10,38,2000,0
620,10,38,2000,0
610,10,38,2000,0
600,10,38,2000,0
590,10,38,2000,0
580,10,38,2000,0
570,10,38,2000,0
560,10,38,2000,0
550,10,38,2000,0
540,10,38,2000,0
530,10,38,2000,0
520,10,38,2000,0
510,10,38,2000,0
500,10,38,2000,0
490,10,38,2000,0
480,10,38,2000,0
470,10,38,2000,0
460,10,38,2000,0
450,10,38,2000,0
440,10,38,2000,0
430,10,38,2000,0
420,10,38,2000,0
410,10,38,2000,0
400,10,38,2000,0
390,10,38,2000,0
380,10,38,2000,0
370,10,38,2000,0
360,10,38,2000,0
350,10,38,2000,0
340,10,38,2000,0
330,10,38,2000,0
320,10,38,2000,0
310,10,38,2000,0
300,10,38,2000,0
290,10,38,2000,0
280,10,38,2000,0
270,10,38,2000,0
260,10,38,2000,0
250,10,38,2000,0
240,10,38,2000,1
230,10,38,2000,1
220,10,38,2000,1
210,10,38,2000,1
200,10,38,2000,1
190,10,38,2000,1
180,10,38,2000,1
170,10,38,2000,1
160,10,38,2000,1
150,10,38,2000,0
140,10,38,2000,0
130,10,38,1090,0
120,10,38,1080,0
110,10,38,1070,0
100,10,38,1060,0
90,10,38,1050,0
80,10,38,1040,0
70,10,38,1030,0
60,10,38,1020,0
50,10,38,1010,0
40,10,38,1000,0
30,10,38,990,0
20,10,38,980,0
10,10,38,970,0
0,10,38,960,0
-10,10,38,950,0
-20,10,38,940,0
930,10,83,2000,0
920,10,83,2000,0
910,10,83,2000,0
900,10,83,2000,0
890,10,83,2000,0
880,10,83,2000,0
870,10,83,2000,0
860,10,83,2000,0
850,10,83,2000,0
840,10,83,2000,0
830,10,83,2000,0
820,10,83,2000,0
810,10,83,2000,0
800,10,83,2000,0
790,10,83,2000,0
780,10,83,2000,0
770,10,83,2000,0
760,10,83,2000,0
750,10,83,2000,0
740,10,83,2000,0
730,10,83,2000,0
720,10,83,2000,0
710,10,83,2000,0
700,10,83,2000,0
690,10,83,2000,0
680,10,83,2000,0
670,10,83,2000,0
660,10,83,2000,0
650,10,83,2000,0
640,10,83,2000,0
630,10,83,2000,0
620,10,83,2000,0
610,10,83,1090,0
600,10,83,1080,0
590,10,83,1070,0
580,10,83,1060,0
570,10,83,1050,0
560,10,83,1040,0
550,10,83,1030,0
540,10,83,1020,0
530,10,83,1010,0
520,10,83,1000,0
510,10,83,990,0
500,10,83,980,0
490,10,83,970,0
480,10,83,960,0
470,10,83,950,0
460,10,83,940,0
450,10,83,930,0
440,10,83,920,0
430,10,83,910,0
420,10,83,900,0
410,10,83,890,0
400,10,83,880,0
390,10,83,870,0
380,10,83,860,0
370,10,83,850,0
360,10,83,840,0
350,10,83,830,0
340,10,83,820,0
330,10,83,810,0
320,10,83,800,0
310,10,83,790,0
300,10,83,780,0
290,10,83,770,0
280,10,83,760,0
270,10,83,750,0
260,10,83,740,0
250,10,83,730,0
240,10,83,720,0
230,10,83,710,0
220,10,83,700,0
210,10,83,690,0
200,10,83,680,0
190,10,83,670,-1
180,10,83,660,-1
170,10,83,650,-1
160,10,83,640,-1
150,10,83,630,-1
140,10,83,620,-1
130,10,83,610,-1
120,10,83,600,-1
110,10,83,590,-1
100,10,83,580,-1
90,10,83,570,-1
80,10,83,560,-1
70,10,83,550,-1
60,10,83,540,-1
50,10,83,530,-1
40,10,83,520,-1
30,10,83,510,-1
20,10,83,500,-1
10,10,83,490,-1
0,10,83,480,-1
-10,10,83,470,-1
-20,10,83,460,-1
-30,10,83,450,-1
-40,10,83,440,-1
-50,10,83,430,-1
-60,10,83,420,-1
410,10,38,2000,0
400,10,38,2000,0
390,10,38,2000,0
380,10,38,2000,0
370,10,38,2000,0
360,10,38,2000,0
350,10,38,2000,0
340,10,38,2000,0
330,10,38,2000,0
320,10,38,2000,0
310,10,38,2000,0
300,10,38,2000,1
290,10,38,2000,1
280,10,38,2000,1
270,10,38,2000,1
260,10,38,2000,1
250,10,38,2000,1
240,10,38,2000,1
230,10,38,2000,1
220,10,38,2000,1
210,10,38,2000,1
200,10,38,2000,1
190,10,38,2000,1
180,10,38,2000,1
170,10,38,2000,1
160,10,38,2000,0
150,10,38,2000,0
140,10,38,2000,0
130,10,38,2000,0
120,10,38,2000,0
110,10,38,2000,0
100,10,38,2000,0
90,10,38,2000,0
80,10,38,2000,0
70,10,38,2000,0
60,10,38,2000,0
50,10,38,2000,0
40,10,38,2000,0
30,10,38,1090,0
20,10,38,1080,0
10,10,38,1070,0
0,10,38,1060,0
-10,10,38,1050,0
-20,10,38,1040,0
-30,10,38,1030,0
-40,10,38,1020,0
1010,10,38,2000,0
1000,10,38,2000,0
990,10,38,2000,0
980,10,38,2000,0
970,10,38,2000,0
960,10,38,2000,0
950,10,38,2000,0
940,10,38,2000,0
930,10,38,2000,0
920,10,38,2000,0
910,10,38,2000,0
900,10,38,2000,0
890,10,38,2000,0
880,10,38,2000,0
870,10,38,2000,0
860,10,38,2000,0
850,10,38,2000,0
840,10,38,2000,0
830,10,38,2000,0
820,10,38,2000,0
810,10,38,2000,0
800,10,38,2000,0
790,10,38,2000,0
780,10,38,2000,0
770,10,38,2000,0
760,10,38,2000,0
750,10,38,2000,0
740,10,38,2000,0
730,10,38,2000,0
720,10,38,2000,0
710,10,38,2000,0
700,10,38,2000,0
690,10,38,2000,0
680,10,38,2000,0
670,10,38,2000,0
660,10,38,2000,0
650,10,38,2000,0
640,10,38,2000,0
630,10,38,2000,0
620,10,38,2000,0
610,10,38,2000,0
600,10,38,2000,0
590,10,38,2000,0
580,10,38,2000,0
570,10,38,2000,0
560,10,38,2000,0
550,10,38,2000,0
540,10,38,2000,0
530,10,38,2000,0
520,10,38,2000,0
510,10,38,2000,0
500,10,38,2000,0
490,10,38,2000,0
480,10,38,2000,0
470,10,38,2000,0
460,10,38,2000,0
450,10,38,2000,0
440,10,38,2000,0
430,10,38,2000,0
420,10,38,2000,0
410,10,38,2000,0
400,10,38,2000,0
390,10,38,2000,0
380,10,38,2000,0
370,10,38,2000,0
360,10,38,2000,0
350,10,38,2000,0
340,10,38,2000,0
330,10,38,2000,0
320,10,38,2000,0
310,10,38,2000,0
300,10,38,2000,0
290,10,38,2000,0
280,10,38,2000,0
270,10,38,2000,0
260,10,38,2000,0
250,10,38,2000,1
240,10,38,2000,1
230,10,38,2000,1
220,10,38,2000,1
210,10,38,2000,1
200,10,38,2000,1
190,10,38,2000,1
180,10,38,1090,1
170,10,38,1080,1
160,10,38,1070,1
150,10,38,1060,1
140,10,38,1050,1
130,10,38,1040,1
120,10,38,1030,1
110,10,38,1020,0
100,10,38,1010,0
90,10,38,1000,0
80,10,38,990,0
70,10,38,980,0
60,10,38,970,0
50,10,38,960,0
40,10,38,950,0
30,10,38,940,0
20,10,38,930,0
10,10,38,920,0
0,10,38,910,0
-10,10,38,900,0
-20,10,38,890,0
-30,10,38,880,0
-40,10,38,870,0
860,10,38,2000,0
850,10,38,2000,0
840,10,38,2000,0
830,10,38,2000,0
820,10,38,2000,0
810,10,38,2000,0
800,10,38,2000,0
790,10,38,2000,0
780,10,38,2000,0
770,10,38,2000,0
760,10,38,2000,0
750,10,38,2000,0
740,10,38,2000,0
730,10,38,2000,0
720,10,38,2000,0
710,10,38,2000,0
700,10,38,2000,0
690,10,38,2000,0
680,10,38,2000,0
670,10,38,2000,0
660,10,38,2000,0
650,10,38,2000,0
640,10,38,2000,0
630,10,38,2000,0
620,10,38,2000,0
610,10,38,2000,0
600,10,38,2000,0
590,10,38,2000,0
580,10,38,2000,0
570,10,38,2000,0
560,10,38,2000,0
550,10,38,2000,0
540,10,38,2000,0
530,10,38,2000,0
520,10,38,2000,0
510,11,38,2000,0
499,11,38,2000,0
488,11,38,2000,0
477,11,38,2000,0
466,11,38,2000,0
455,11,38,2000,0
444,11,38,1089,0
433,11,38,1078,0
422,11,38,1067,0
411,11,38,1056,0
400,11,38,1045,0
389,11,38,1034,0
378,11,38,1023,0
367,11,38,1012,0
356,11,38,1001,0
345,11,38,990,0
334,11,38,979,0
323,11,38,968,0
312,11,38,957,0
301,11,38,946,0
290,11,38,935,0
279,11,38,924,1
268,11,38,913,1
257,11,38,902,1
246,11,38,891,1
235,11,38,880,1
224,11,38,869,1
213,11,38,858,1
202,11,38,847,1
191,11,38,836,1
180,11,38,825,1
169,11,38,814,1
158,11,38,803,0
147,11,38,792,0
136,11,38,781,0
125,11,38,770,0
114,11,38,759,0
103,11,38,748,0
92,11,38,737,0
81,11,38,726,0
70,11,38,715,0
59,11,38,704,0
48,11,38,693,0
37,11,38,682,0
26,11,38,671,0
15,11,38,660,0
4,11,38,649,0
-7,11,38,638,0
-18,11,38,627,0
616,11,38,2000,0
605,11,38,2000,0
594,11,38,2000,0
583,11,38,2000,0
572,11,38,2000,0
561,11,38,2000,0
550,11,38,2000,0
539,11,38,2000,0
528,11,38,2000,0
517,11,38,2000,0
506,11,38,2000,0
495,11,38,2000,0
484,11,38,2000,0
473,11,38,2000,0
462,11,38,2000,0
451,11,38,2000,0
440,11,38,2000,0
429,11,38,2000,0
418,11,38,2000,0
407,11,38,2000,0
396,11,38,2000,0
385,11,38,2000,0
374,11,38,2000,0
363,11,38,2000,0
352,11,38,2000,0
341,11,38,2000,0
330,11,38,2000,0
319,11,38,2000,0
308,11,38,2000,0
297,11,38,2000,0
286,11,38,2000,0
275,11,38,2000,1
264,11,38,2000,1
253,11,38,2000,1
242,11,38,2000,1
231,11,38,2000,1
220,11,38,2000,1
209,11,38,2000,1
198,11,38,2000,1
187,11,38,2000,1
176,11,38,1089,1
165,11,38,1078,1
154,11,38,1067,1
143,11,38,1056,1
132,11,38,1045,1
121,11,38,1034,0
110,11,38,1023,0
99,11,38,1012,0
88,11,38,1001,0
77,11,38,990,0
66,11,38,979,0
55,11,38,968,0
44,11,38,957,0
33,11,38,946,0
22,11,38,935,0
11,11,38,924,0
0,11,38,913,0
-11,11,38,902,0
-22,11,38,891,0
880,11,38,2000,0
869,11,38,2000,0
858,11,38,2000,0
847,11,38,2000,0
836,11,38,2000,0
825,11,38,2000,0
814,11,38,2000,0
803,11,38,2000,0
792,11,38,2000,0
781,11,38,2000,0
770,11,38,2000,0
759,11,38,2000,0
748,11,38,2000,0
737,11,38,2000,0
726,11,38,2000,0
715,11,38,2000,0
704,11,38,2000,0
693,11,38,2000,0
682,11,38,2000,0
671,11,38,2000,0
660,11,38,2000,0
649,11,38,2000,0
638,11,38,2000,0
627,11,38,2000,0
616,11,38,2000,0
605,11,38,2000,0
594,11,38,1089,0
583,11,38,1078,0
572,11,38,1067,0
561,11,38,1056,0
550,11,38,1045,0
539,11,38,1034,0
528,11,38,1023,0
517,11,38,1012,0
506,11,38,1001,0
495,11,38,990,0
484,11,38,979,0
473,11,38,968,0
462,11,38,957,0
451,11,38,946,0
440,11,38,935,0
429,11,38,924,0
418,11,38,913,0
407,11,38,902,0
396,11,38,891,0
385,11,38,880,0
374,11,38,869,0
363,11,38,858,0
352,11,38,847,0
341,11,38,836,0
330,11,38,825,0
319,11,38,814,0
308,11,38,803,0
297,11,38,792,0
286,11,38,781,0
275,11,38,770,0
264,11,38,759,0
253,11,38,748,0
242,11,38,737,1
231,11,38,726,1
220,11,38,715,1
209,11,38,704,1
198,11,38,693,1
187,11,38,682,1
176,11,38,671,1
165,11,38,660,1
154,11,38,649,1
143,11,38,638,1
132,11,38,627,0
121,11,38,616,0
110,11,38,605,0
99,11,38,594,0
88,11,38,583,0
77,11,38,572,0
66,11,38,561,0
55,11,38,550,0
44,11,38,539,0
33,11,38,528,0
22,11,38,517,0
11,11,38,506,0
0,11,38,495,0
-11,11,38,484,0
-22,11,38,473,0
-33,11,38,462,0
-44,11,38,451,0
-55,11,38,440,0
-66,11,38,429,0
418,11,38,2000,0
407,11,38,2000,0
396,11,38,2000,0
385,11,38,2000,0
374,11,38,2000,0
363,11,38,2000,0
352,11,38,2000,0
341,11,38,2000,0
330,11,38,2000,0
319,11,38,2000,0
308,11,38,2000,0
297,11,38,2000,0
286,11,38,2000,0
275,11,38,2000,0
264,11,38,2000,0
253,11,38,2000,1
242,11,38,2000,1
231,11,38,2000,1
220,11,38,2000,1
209,11,38,2000,1
198,11,38,2000,1
187,11,38,2000,1
176,11,38,2000,1
165,11,38,2000,1
154,11,38,2000,1
143,11,38,2000,1
132,11,38,2000,1
121,11,38,2000,1
110,11,38,2000,0
99,11,38,2000,0
88,11,38,2000,0
77,11,38,2000,0
66,11,38,2000,0
55,11,38,2000,0
44,11,38,2000,0
33,11,38,2000,0
22,11,38,2000,0
11,11,38,2000,0
0,11,38,2000,0
-11,11,38,1089,0
-22,11,38,1078,0
1067,11,58,2000,0
1056,11,58,2000,0
1045,11,58,2000,0
1034,11,58,2000,0
1023,11,58,2000,0
1012,11,58,2000,0
1001,11,58,2000,0
990,11,58,2000,0
979,11,58,2000,0
968,11,58,2000,0
957,11,58,2000,0
946,11,58,2000,0
935,11,58,2000,0
924,11,58,2000,0
913,11,58,2000,0
902,11,58,2000,0
891,11,58,2000,0
880,11,58,2000,0
869,11,58,2000,0
858,11,58,2000,0
847,11,58,2000,0
836,11,58,2000,0
825,11,58,2000,0
814,11,58,2000,0
803,11,58,2000,0
792,11,58,2000,0
781,11,58,2000,0
770,11,58,2000,0
759,11,58,2000,0
748,11,58,2000,0
737,11,58,2000,0
726,11,58,2000,0
715,11,58,2000,0
704,11,58,2000,0
693,11,58,2000,0
682,11,58,2000,0
671,11,58,2000,0
660,11,58,2000,0
649,11,58,2000,0
638,11,58,2000,0
627,11,58,2000,0
616,11,58,2000,0
605,11,58,2000,0
594,11,58,2000,0
583,11,58,2000,0
572,11,58,2000,0
561,11,58,2000,0
550,11,58,2000,0
539,11,58,2000,0
528,11,58,2000,0
517,11,58,2000,0
506,11,58,2000,0
495,11,58,2000,0
484,11,58,2000,0
473,11,58,2000,0
462,11,58,2000,0
451,11,58,2000,0
440,11,58,2000,0
429,11,58,2000,0
418,11,58,2000,0
407,11,58,2000,0
396,11,58,2000,0
385,11,58,2000,0
374,11,58,2000,0
363,11,58,2000,0
352,11,58,2000,0
341,11,58,2000,0
330,11,58,2000,0
319,11,58,1089,0
308,11,58,1078,0
297,11,58,1067,0
286,11,58,1056,0
275,11,58,1045,1
264,11,58,1034,1
253,11,58,1023,1
242,11,58,1012,1
231,11,58,1001,1
220,11,58,990,1
209,11,58,979,1
198,11,58,968,1
187,11,58,957,1
176,11,58,946,0
165,11,58,935,0
154,11,58,924,0
143,11,58,913,0
132,11,58,902,0
121,11,58,891,0
110,11,58,880,0
99,11,58,869,0
88,11,58,858,0
77,11,58,847,0
66,11,58,836,0
55,11,58,825,0
44,11,58,814,0
33,11,58,803,0
22,11,58,792,0
11,11,58,781,0
0,11,58,770,0
-11,11,58,759,0
-22,11,58,748,0
-33,11,58,737,0
726,11,38,2000,0
715,11,38,2000,0
704,11,38,2000,0
693,11,38,2000,0
682,11,38,2000,0
671,11,38,2000,0
660,11,38,2000,0
649,11,38,2000,0
638,11,38,2000,0
627,11,38,2000,0
616,11,38,2000,0
605,11,38,2000,0
594,11,38,2000,0
583,11,38,2000,0
572,11,38,2000,0
561,11,38,2000,0
550,11,38,2000,0
539,11,38,2000,0
528,11,38,2000,0
517,11,38,2000,0
506,11,38,2000,0
495,11,38,2000,0
484,11,38,2000,0
473,11,38,2000,0
462,11,38,2000,0
451,11,38,2000,0
440,11,38,2000,0
429,11,38,2000,0
418,11,38,2000,0
407,11,38,2000,0
396,11,38,2000,0
385,11,38,2000,0
374,11,38,2000,0
363,11,38,2000,0
352,11,38,1089,0
341,11,38,1078,0
330,11,38,1067,0
319,11,38,1056,0
308,11,38,1045,0
297,11,38,1034,0
286,11,38,1023,0
275,11,38,1012,1
264,11,38,1001,1
253,11,38,990,1
242,11,38,979,1
231,11,38,968,1
220,11,38,957,1
209,11,38,946,1
198,11,38,935,1
187,11,38,924,1
176,11,38,913,1
165,11,38,902,1
154,11,38,891,1
143,11,38,880,0
132,11,38,869,0
121,11,38,858,0
110,11,38,847,0
99,11,38,836,0
88,11,38,825,0
77,11,38,814,0
66,11,38,803,0
55,11,38,792,0
44,11,38,781,0
33,12,38,770,0
21,12,38,758,0
9,12,38,746,0
-3,12,38,734,0
-15,12,38,722,0
-27,12,38,710,0
-39,12,38,698,0
686,12,38,2000,0
674,12,38,2000,0
662,12,38,2000,0
650,12,38,2000,0
638,12,38,2000,0
626,12,38,2000,0
614,12,38,2000,0
602,12,38,2000,0
590,12,38,2000,0
578,12,38,2000,0
566,12,38,2000,0
554,12,38,2000,0
542,12,38,2000,0
530,12,38,2000,0
518,12,38,2000,0
506,12,38,2000,0
494,12,38,2000,0
482,12,38,2000,0
470,12,38,2000,0
458,12,38,2000,0
446,12,38,2000,0
434,12,38,2000,0
422,12,38,2000,0
410,12,38,2000,0
398,12,38,2000,0
386,12,38,2000,0
374,12,38,2000,0
362,12,38,2000,0
350,12,38,2000,0
338,12,38,2000,0
326,12,38,2000,0
314,12,38,2000,0
302,12,38,2000,0
290,12,38,2000,0
278,12,38,2000,0
266,12,38,2000,0
254,12,38,2000,1
242,12,38,2000,1
230,12,38,2000,1
218,12,38,2000,1
206,12,38,2000,1
194,12,38,2000,1
182,12,38,2000,1
170,12,38,2000,1
158,12,38,2000,1
146,12,38,2000,1
134,12,38,2000,0
122,12,38,1088,0
110,12,38,1076,0
98,12,38,1064,0
86,12,38,1052,0
74,12,38,1040,0
62,12,38,1028,0
50,12,38,1016,0
38,12,38,1004,0
26,12,38,992,0
14,12,38,980,0
2,12,38,968,0
-10,12,38,956,0
-22,12,38,944,0
-34,12,38,932,0
-46,12,38,920,0
-58,12,38,908,0
-70,12,38,896,0
884,12,58,2000,0
872,12,58,2000,0
860,12,58,2000,0
848,12,58,2000,0
836,12,58,2000,0
824,12,58,2000,0
812,12,58,2000,0
800,12,58,2000,0
788,12,58,2000,0
776,12,58,2000,0
764,12,58,2000,0
752,12,58,2000,0
740,12,58,2000,0
728,12,58,2000,0
716,12,58,2000,0
704,12,58,2000,0
692,12,58,2000,0
680,12,58,2000,0
668,12,58,2000,0
656,12,58,2000,0
644,12,58,2000,0
632,12,58,2000,0
620,12,58,2000,0
608,12,58,2000,0
596,12,58,2000,0
584,12,58,2000,0
572,12,58,2000,0
560,12,58,2000,0
548,12,58,2000,0
536,12,58,2000,0
524,12,58,2000,0
512,12,58,2000,0
500,12,58,2000,0
488,12,58,2000,0
476,12,58,2000,0
464,12,58,2000,0
452,12,58,2000,0
440,12,58,2000,0
428,12,58,2000,0
416,12,58,1088,0
404,12,58,1076,0
392,12,58,1064,0
380,12,58,1052,0
368,12,58,1040,0
356,12,58,1028,0
344,12,58,1016,0
332,12,58,1004,0
320,12,58,992,0
308,12,58,980,0
296,12,58,968,0
284,12,58,956,0
272,12,58,944,0
260,12,58,932,1
248,12,58,920,1
236,12,58,908,1
224,12,58,896,1
212,12,58,884,1
200,12,58,872,1
188,12,58,860,1
176,12,58,848,1
164,12,58,836,1
152,12,58,824,1
140,12,58,812,0
128,12,58,800,0
116,12,58,788,0
104,12,58,776,0
92,12,58,764,0
80,12,58,752,0
68,12,58,740,0
56,12,58,728,0
44,12,58,716,0
32,12,58,704,0
20,12,58,692,0
8,12,58,680,0
-4,12,58,668,0
-16,12,58,656,0
-28,12,58,644,0
632,12,38,2000,0
620,12,38,2000,0
608,12,38,2000,0
596,12,38,2000,0
584,12,38,2000,0
572,12,38,2000,0
560,12,38,2000,0
548,12,38,2000,0
536,12,38,2000,0
524,12,38,2000,0
512,12,38,2000,0
500,12,38,2000,0
488,12,38,2000,0
476,12,38,2000,0
464,12,38,2000,0
452,12,38,1088,0
440,12,38,1076,0
428,12,38,1064,0
416,12,38,1052,0
404,12,38,1040,0
392,12,38,1028,0
380,12,38,1016,0
368,12,38,1004,0
356,12,38,992,0
344,12,38,980,0
332,12,38,968,0
320,12,38,956,0
308,12,38,944,0
296,12,38,932,0
284,12,38,920,1
272,12,38,908,1
260,12,38,896,1
248,12,38,884,1
236,12,38,872,1
224,12,38,860,1
212,12,38,848,1
200,12,38,836,1
188,12,38,824,1
176,12,38,812,1
164,12,38,800,1
152,12,38,788,1
140,12,38,776,0
128,12,38,764,0
116,12,38,752,0
104,12,38,740,0
92,12,38,728,0
80,12,38,716,0
68,12,38,704,0
56,12,38,692,0
44,12,38,680,0
32,12,38,668,0
20,12,38,656,0
8,12,38,644,0
-4,12,38,632,0
-16,12,38,620,0
608,12,58,2000,0
596,12,58,2000,0
584,12,58,2000,0
572,12,58,2000,0
560,12,58,2000,0
548,12,58,2000,0
536,12,58,2000,0
524,12,58,1088,0
512,12,58,1076,0
500,12,58,1064,0
488,12,58,1052,0
476,12,58,1040,0
464,12,58,1028,0
452,12,58,1016,0
440,12,58,1004,0
428,12,58,992,0
416,12,58,980,0
404,12,58,968,0
392,12,58,956,0
380,12,58,944,0
368,12,58,932,0
356,12,58,920,0
344,12,58,908,0
332,12,58,896,0
320,12,58,884,0
308,12,58,872,0
296,12,58,860,0
284,12,58,848,1
272,12,58,836,1
260,12,58,824,1
248,12,58,812,1
236,12,58,800,1
224,12,58,788,1
212,12,58,776,1
200,12,58,764,1
188,12,58,752,1
176,12,58,740,1
164,12,58,728,1
152,12,58,716,1
140,12,58,704,1
128,12,58,692,1
116,12,58,680,1
104,12,58,668,1
92,12,58,656,1
80,12,58,644,1
68,12,58,632,1
56,12,58,620,0
44,12,58,608,0
32,12,58,2000,0
20,12,58,2000,0
8,12,58,2000,0
-4,12,58,2000,0
-16,12,58,2000,0
-28,12,58,2000,0
-40,12,58,2000,0
-52,12,58,2000,0
-64,12,58,2000,0
-76,12,58,2000,0
476,12,38,968,0
464,12,38,956,0
452,12,38,944,0
440,12,38,932,0
428,12,38,920,0
416,12,38,908,0
404,12,38,896,0
392,12,38,884,0
380,12,38,872,0
368,12,38,860,0
356,12,38,848,0
344,12,38,836,0
332,12,38,824,0
320,12,38,812,0
308,12,38,800,0
296,12,38,788,0
284,12,38,776,0
272,12,38,764,0
260,12,38,752,0
248,12,38,740,0
236,12,38,728,0
224,12,38,716,1
212,12,38,704,1
200,12,38,692,1
188,12,38,680,1
176,12,38,668,1
164,12,38,656,1
152,12,38,644,1
140,12,38,632,1
128,12,38,620,0
116,12,38,608,0
104,12,38,596,0
92,12,38,584,0
80,12,38,572,0
68,12,38,560,0
56,12,38,548,0
44,12,38,536,0
32,12,38,524,0
20,12,38,512,0
8,12,38,500,0
-4,12,38,488,0
-16,12,38,476,0
464,12,38,2000,0
452,12,38,2000,0
440,12,38,2000,0
428,12,38,2000,0
416,12,38,2000,0
404,12,38,2000,0
392,12,38,2000,0
380,12,38,2000,0
368,12,38,2000,0
356,12,38,2000,0
344,12,38,2000,0
332,12,38,2000,0
320,12,38,2000,0
308,12,38,2000,0
296,12,38,2000,0
284,12,38,2000,0
272,12,38,2000,0
260,12,38,2000,0
248,12,38,2000,1
236,12,38,2000,1
224,12,38,2000,1
212,12,38,2000,1
200,12,38,2000,1
188,12,38,1088,1
176,12,38,1076,1
164,12,38,1064,0
152,12,38,1052,0
140,12,38,1040,0
128,12,38,1028,0
116,12,38,1016,0
104,12,38,1004,0
92,12,38,992,0
80,12,38,980,0
68,12,38,968,0
56,12,38,956,0
44,12,38,944,0
32,12,38,932,0
20,12,38,920,0
8,12,38,908,0
-4,12,38,896,0
-16,12,38,884,0
-28,12,38,872,0
-40,12,38,860,0
-52,12,38,848,0
-64,12,38,836,0
-76,12,38,824,0
812,12,38,2000,0
800,12,38,2000,0
788,12,38,2000,0
776,12,38,2000,0
764,12,38,2000,0
752,12,38,2000,0
740,12,38,2000,0
728,12,38,2000,0
716,12,38,2000,0
704,12,38,2000,0
692,12,38,2000,0
680,12,38,2000,0
668,12,38,2000,0
656,12,38,2000,0
644,12,38,2000,0
632,12,38,2000,0
620,12,38,2000,0
608,12,38,2000,0
596,12,38,2000,0
584,12,38,2000,0
572,12,38,2000,0
560,12,38,2000,0
548,12,38,2000,0
536,12,38,2000,0
524,12,38,2000,0
512,12,38,2000,0
500,12,38,2000,0
488,12,38,2000,0
476,12,38,2000,0
464,12,38,2000,0
452,12,38,2000,0
440,12,38,2000,0
428,12,38,2000,0
416,12,38,1088,0
404,12,38,1076,0
392,12,38,1064,0
380,12,38,1052,0
368,12,38,1040,0
356,12,38,1028,0
344,12,38,1016,0
332,12,38,1004,0
320,12,38,992,0
308,12,38,980,0
296,12,38,968,0
284,12,38,956,1
272,12,38,944,1
260,12,38,932,1
248,12,38,920,1
236,12,38,908,1
224,12,38,896,1
212,12,38,884,1
200,13,38,872,1
187,13,38,859,1
174,13,38,846,1
161,13,38,833,0
148,13,38,820,0
135,13,38,807,0
122,13,38,794,0
109,13,38,781,0
96,13,38,768,0
83,13,38,755,0
70,13,38,742,0
57,13,38,729,0
44,13,38,716,0
31,13,38,703,0
18,13,38,690,0
5,13,38,677,0
-8,13,38,664,0
-21,13,38,651,0
-34,13,38,638,0
-47,13,38,625,0
612,13,58,2000,0
599,13,58,2000,0
586,13,58,2000,0
573,13,58,2000,0
560,13,58,2000,0
547,13,58,2000,0
534,13,58,2000,0
521,13,58,2000,0
508,13,58,2000,0
495,13,58,2000,0
482,13,58,2000,0
469,13,58,2000,0
456,13,58,2000,0
443,13,58,2000,0
430,13,58,2000,0
417,13,58,2000,0
404,13,58,2000,0
391,13,58,2000,0
378,13,58,2000,0
365,13,58,2000,0
352,13,58,2000,0
339,13,58,2000,0
326,13,58,2000,0
313,13,58,2000,0
300,13,58,2000,0
287,13,58,2000,0
274,13,58,2000,0
261,13,58,2000,1
248,13,58,2000,1
235,13,58,2000,1
222,13,58,2000,1
209,13,58,2000,1
196,13,58,2000,1
183,13,58,2000,1
170,13,58,2000,1
157,13,58,2000,1
144,13,58,2000,1
131,13,58,2000,1
118,13,58,2000,0
105,13,58,2000,0
92,13,58,1087,0
79,13,58,1074,0
66,13,58,1061,0
53,13,58,1048,0
40,13,58,1035,0
27,13,58,1022,0
14,13,58,1009,0
1,13,58,996,0
-12,13,58,983,0
-25,13,58,970,0
957,13,38,2000,0
944,13,38,2000,0
931,13,38,2000,0
918,13,38,2000,0
905,13,38,2000,0
892,13,38,2000,0
879,13,38,2000,0
866,13,38,2000,0
853,13,38,2000,0
840,13,38,2000,0
827,13,38,2000,0
814,13,38,2000,0
801,13,38,2000,0
788,13,38,2000,0
775,13,38,2000,0
762,13,38,2000,0
749,13,38,2000,0
736,13,38,2000,0
723,13,38,2000,0
710,13,38,2000,0
697,13,38,2000,0
684,13,38,2000,0
671,13,38,2000,0
658,13,38,2000,0
645,13,38,2000,0
632,13,38,2000,0
619,13,38,2000,0
606,13,38,2000,0
593,13,38,2000,0
580,13,38,2000,0
567,13,38,2000,0
554,13,38,2000,0
541,13,38,2000,0
528,13,38,2000,0
515,13,38,2000,0
502,13,38,2000,0
489,13,38,2000,0
476,13,38,2000,0
463,13,38,2000,0
450,13,38,2000,0
437,13,38,2000,0
424,13,38,2000,0
411,13,38,2000,0
398,13,38,2000,0
385,13,38,2000,0
372,13,38,2000,0
359,13,38,2000,0
346,13,38,2000,0
333,13,38,2000,1
320,13,38,2000,1
307,13,38,2000,1
294,13,38,2000,1
281,13,38,2000,1
268,13,38,1087,1
255,13,38,1074,1
242,13,38,1061,1
229,13,38,1048,1
216,13,38,1035,1
203,13,38,1022,1
190,13,38,1009,1
177,13,38,996,1
164,13,38,983,1
151,13,38,970,0
138,13,38,957,0
125,13,38,944,0
112,13,38,931,0
99,13,38,918,0
86,13,38,905,0
73,13,38,892,0
60,13,38,879,0
47,13,38,866,0
34,13,38,853,0
21,13,38,840,0
8,13,38,827,0
-5,13,38,814,0
-18,13,38,801,0
-31,13,38,788,0
-44,13,38,775,0
762,13,38,2000,0
749,13,38,2000,0
736,13,38,2000,0
723,13,38,2000,0
710,13,38,2000,0
697,13,38,2000,0
684,13,38,2000,0
671,13,38,2000,0
658,13,38,2000,0
645,13,38,2000,0
632,13,38,2000,0
619,13,38,2000,0
606,13,38,2000,0
593,13,38,2000,0
580,13,38,2000,0
567,13,38,2000,0
554,13,38,2000,0
541,13,38,2000,0
528,13,38,2000,0
515,13,38,2000,0
502,13,38,2000,0
489,13,38,2000,0
476,13,38,2000,0
463,13,38,2000,0
450,13,38,2000,0
437,13,38,2000,0
424,13,38,2000,0
411,13,38,2000,0
398,13,38,2000,0
385,13,38,2000,0
372,13,38,2000,0
359,13,38,2000,0
346,13,38,2000,0
333,13,38,2000,0
320,13,38,2000,0
307,13,38,2000,0
294,13,38,2000,0
281,13,38,2000,0
268,13,38,2000,0
255,13,38,2000,1
242,13,38,2000,1
229,13,38,2000,1
216,13,38,2000,1
203,13,38,2000,1
190,13,38,1087,1
177,13,38,1074,1
164,13,38,1061,1
151,13,38,1048,1
138,13,38,1035,1
125,13,38,1022,0
112,13,38,1009,0
99,13,38,996,0
86,13,38,983,0
73,13,38,970,0
60,13,38,957,0
47,13,38,944,0
34,13,38,931,0
21,13,38,918,0
8,13,38,905,0
-5,13,38,892,0
-18,13,38,879,0
-31,13,38,866,0
-44,13,38,853,0
-57,13,38,840,0
-70,13,38,827,0
814,13,38,2000,0
801,13,38,2000,0
788,13,38,2000,0
775,13,38,2000,0
762,13,38,2000,0
749,13,38,2000,0
736,13,38,2000,0
723,13,38,2000,0
710,13,38,2000,0
697,13,38,2000,0
684,13,38,2000,0
671,13,38,2000,0
658,13,38,2000,0
645,13,38,2000,0
632,13,38,2000,0
619,13,38,2000,0
606,13,38,2000,0
593,13,38,2000,0
580,13,38,2000,0
567,13,38,2000,0
554,13,38,2000,0
541,13,38,2000,0
528,13,38,2000,0
515,13,38,2000,0
502,13,38,2000,0
489,13,38,2000,0
476,13,38,2000,0
463,13,38,2000,0
450,13,38,2000,0
437,13,38,2000,0
424,13,38,2000,0
411,13,38,2000,0
398,13,38,2000,0
385,13,38,2000,0
372,13,38,2000,0
359,13,38,2000,0
346,13,38,2000,0
333,13,38,2000,0
320,13,38,2000,1
307,13,38,2000,1
294,13,38,2000,1
281,13,38,2000,1
268,13,38,2000,1
255,13,38,2000,1
242,13,38,2000,1
229,13,38,2000,1
216,13,38,2000,1
203,13,38,2000,1
190,13,38,1087,1
177,13,38,1074,1
164,13,38,1061,1
151,13,38,1048,1
138,13,38,1035,1
125,13,38,1022,1
112,13,38,1009,1
99,13,38,996,1
86,13,38,983,1
73,13,38,970,1
60,13,38,957,0
47,13,38,944,0
34,13,38,931,0
21,13,38,918,0
8,13,38,905,0
-5,13,38,892,0
-18,13,38,879,0
-31,13,38,866,0
-44,13,38,853,0
-57,13,38,840,0
-70,13,38,827,0
814,13,58,2000,0
801,13,58,2000,0
788,13,58,2000,0
775,13,58,2000,0
762,13,58,2000,0
749,13,58,2000,0
736,13,58,2000,0
723,13,58,2000,0
710,13,58,2000,0
697,13,58,2000,0
684,13,58,2000,0
671,13,58,2000,0
658,13,58,2000,0
645,13,58,2000,0
632,13,58,2000,0
619,13,58,2000,0
606,13,58,2000,0
593,13,58,2000,0
580,13,58,2000,0
567,13,58,2000,0
554,13,58,1087,0
541,13,58,1074,0
528,13,58,1061,0
515,13,58,1048,0
502,13,58,1035,0
489,13,58,1022,0
476,13,58,1009,0
463,13,58,996,0
450,13,58,983,0
437,13,58,970,0
424,13,58,957,0
411,13,58,944,0
398,13,58,931,0
385,13,58,918,0
372,13,58,905,0
359,13,58,892,0
346,13,58,879,0
333,13,58,866,0
320,13,58,853,0
307,13,58,840,0
294,13,58,827,0
281,13,58,814,0
268,13,58,801,0
255,13,58,788,0
242,13,58,775,1
229,13,58,762,1
216,13,58,749,1
203,13,58,736,1
190,13,58,723,1
177,13,58,710,1
164,13,58,697,1
151,13,58,684,1
138,13,58,671,1
125,13,58,658,1
112,13,58,645,1
99,13,58,632,0
86,13,58,619,0
73,13,58,606,0
60,13,58,593,0
47,13,58,580,0
34,13,58,567,0
21,13,58,554,0
8,13,58,541,0
-5,13,58,528,0
-18,13,58,515,0
-31,13,58,502,0
-44,13,58,489,0
-57,13,58,476,0
-70,13,58,463,0
450,13,58,2000,0
437,13,58,2000,0
424,13,58,2000,0
411,13,58,2000,0
398,13,58,2000,0
385,13,58,2000,0
372,13,58,2000,0
359,13,58,2000,0
346,13,58,2000,0
333,13,58,2000,0
320,13,58,2000,0
307,13,58,2000,0
294,13,58,2000,0
281,13,58,2000,0
268,13,58,2000,0
255,13,58,2000,0
242,13,58,2000,0
229,13,58,2000,1
216,13,58,2000,1
203,13,58,2000,1
190,13,58,2000,1
177,13,58,2000,1
164,13,58,2000,1
151,13,58,2000,1
138,13,58,2000,1
125,13,58,2000,1
112,13,58,2000,0
99,13,58,2000,0
86,13,58,2000,0
73,13,58,2000,0
60,13,58,2000,0
47,13,58,2000,0
34,13,58,1087,0
21,13,58,1074,0
8,13,58,1061,0
-5,13,58,1048,0
-18,13,58,1035,0
-31,13,58,1022,0
-44,13,58,1009,0
-57,13,58,996,0
-70,13,58,983,0
970,13,38,2000,0
957,13,38,2000,0
944,13,38,2000,0
931,13,38,2000,0
918,13,38,2000,0
905,13,38,2000,0
892,13,38,2000,0
879,13,38,2000,0
866,14,38,2000,0
852,14,38,2000,0
838,14,38,2000,0
824,14,38,2000,0
810,14,38,2000,0
796,14,38,2000,0
782,14,38,2000,0
768,14,38,2000,0
754,14,38,2000,0
740,14,38,2000,0
726,14,38,2000,0
712,14,38,2000,0
698,14,38,2000,0
684,14,38,2000,0
670,14,38,2000,0
656,14,38,2000,0
642,14,38,2000,0
628,14,38,2000,0
614,14,38,2000,0
600,14,38,2000,0
586,14,38,2000,0
572,14,38,2000,0
558,14,38,2000,0
544,14,38,2000,0
530,14,38,2000,0
516,14,38,2000,0
502,14,38,2000,0
488,14,38,2000,0
474,14,38,2000,0
460,14,38,2000,0
446,14,38,2000,0
432,14,38,2000,0
418,14,38,2000,0
404,14,38,1086,0
390,14,38,1072,0
376,14,38,1058,0
362,14,38,1044,0
348,14,38,1030,0
334,14,38,1016,0
320,14,38,1002,0
306,14,38,988,0
292,14,38,974,1
278,14,38,960,1
264,14,38,946,1
250,14,38,932,1
236,14,38,918,1
222,14,38,904,1
208,14,38,890,1
194,14,38,876,1
180,14,38,862,0
166,14,38,848,0
152,14,38,834,0
138,14,38,820,0
124,14,38,806,0
110,14,38,792,0
96,14,38,778,0
82,14,38,764,0
68,14,38,750,0
54,14,38,736,0
40,14,38,722,0
26,14,38,708,0
12,14,38,694,0
-2,14,38,680,0
-16,14,38,666,0
-30,14,38,652,0
-44,14,38,638,0
-58,14,38,624,0
-72,14,38,610,0
596,14,58,2000,0
582,14,58,2000,0
568,14,58,2000,0
554,14,58,2000,0
540,14,58,2000,0
526,14,58,2000,0
512,14,58,2000,0
498,14,58,2000,0
484,14,58,2000,0
470,14,58,2000,0
456,14,58,2000,0
442,14,58,2000,0
428,14,58,2000,0
414,14,58,2000,0
400,14,58,2000,0
386,14,58,2000,0
372,14,58,2000,0
358,14,58,2000,0
344,14,58,2000,0
330,14,58,2000,0
316,14,58,2000,0
302,14,58,2000,1
288,14,58,2000,1
274,14,58,2000,1
260,14,58,2000,1
246,14,58,2000,1
232,14,58,2000,1
218,14,58,2000,1
204,14,58,2000,1
190,14,58,2000,0
176,14,58,2000,0
162,14,58,2000,0
148,14,58,2000,0
134,14,58,2000,0
120,14,58,2000,0
106,14,58,2000,0
92,14,58,2000,0
78,14,58,2000,0
64,14,58,2000,0
50,14,58,2000,0
36,14,58,2000,0
22,14,58,2000,0
8,14,58,2000,0
-6,14,58,2000,0
-20,14,58,2000,0
-34,14,58,2000,0
-48,14,58,2000,0
-62,14,58,1086,0
-76,14,58,1072,0
1058,14,38,2000,0
1044,14,38,2000,0
1030,14,38,2000,0
1016,14,38,2000,0
1002,14,38,2000,0
988,14,38,2000,0
974,14,38,2000,0
960,14,38,2000,0
946,14,38,2000,0
932,14,38,2000,0
918,14,38,2000,0
904,14,38,2000,0
890,14,38,2000,0
876,14,38,2000,0
862,14,38,2000,0
848,14,38,2000,0
834,14,38,2000,0
820,14,38,2000,0
806,14,38,2000,0
792,14,38,2000,0
778,14,38,2000,0
764,14,38,2000,0
750,14,38,2000,0
736,14,38,2000,0
722,14,38,2000,0
708,14,38,2000,0
694,14,38,2000,0
680,14,38,2000,0
666,14,38,2000,0
652,14,38,2000,0
638,14,38,2000,0
624,14,38,2000,0
610,14,38,2000,0
596,14,38,2000,0
582,14,38,2000,0
568,14,38,2000,0
554,14,38,2000,0
540,14,38,2000,0
526,14,38,2000,0
512,14,38,2000,0
498,14,38,2000,0
484,14,38,2000,0
470,14,38,2000,0
456,14,38,2000,0
442,14,38,2000,0
428,14,38,2000,0
414,14,38,2000,0
400,14,38,2000,0
386,14,38,2000,0
372,14,38,2000,0
358,14,38,2000,0
344,14,38,2000,1
330,14,38,2000,1
316,14,38,2000,1
302,14,38,2000,1
288,14,38,2000,1
274,14,38,2000,1
260,14,38,2000,1
246,14,38,2000,1
232,14,38,2000,1
218,14,38,2000,1
204,14,38,2000,1
190,14,38,2000,1
176,14,38,2000,0
162,14,38,2000,0
148,14,38,2000,0
134,14,38,2000,0
120,14,38,2000,0
106,14,38,2000,0
92,14,38,2000,0
78,14,38,2000,0
64,14,38,2000,0
50,14,38,2000,0
36,14,38,2000,0
22,14,38,2000,0
8,14,38,2000,0
-6,14,38,2000,0
-20,14,38,2000,0
1086,14,38,2000,0
1072,14,38,2000,0
1058,14,38,2000,0
1044,14,38,2000,0
1030,14,38,2000,0
1016,14,38,2000,0
1002,14,38,2000,0
988,14,38,2000,0
974,14,38,2000,0
960,14,38,2000,0
946,14,38,2000,0
932,14,38,2000,0
918,14,38,2000,0
904,14,38,2000,0
890,14,38,2000,0
876,14,38,2000,0
862,14,38,2000,0
848,14,38,2000,0
834,14,38,2000,0
820,14,38,2000,0
806,14,38,2000,0
792,14,38,2000,0
778,14,38,2000,0
764,14,38,2000,0
750,14,38,2000,0
736,14,38,2000,0
722,14,38,2000,0
708,14,38,2000,0
694,14,38,2000,0
680,14,38,2000,0
666,14,38,2000,0
652,14,38,2000,0
638,14,38,2000,0
624,14,38,2000,0
610,14,38,2000,0
596,14,38,2000,0
582,14,38,2000,0
568,14,38,2000,0
554,14,38,2000,0
540,14,38,2000,0
526,14,38,2000,0
512,14,38,2000,0
498,14,38,2000,0
484,14,38,2000,0
470,14,38,2000,0
456,14,38,2000,0
442,14,38,2000,0
428,14,38,2000,0
414,14,38,2000,0
400,14,38,2000,0
386,14,38,2000,0
372,14,38,2000,0
358,14,38,2000,0
344,14,38,2000,0
330,14,38,2000,0
316,14,38,2000,0
302,14,38,2000,1
288,14,38,2000,1
274,14,38,2000,1
260,14,38,2000,1
246,14,38,2000,1
232,14,38,2000,1
218,14,38,2000,1
204,14,38,2000,1
190,14,38,2000,0
176,14,38,2000,0
162,14,38,2000,0
148,14,38,2000,0
134,14,38,2000,0
120,14,38,2000,0
106,14,38,2000,0
92,14,38,2000,0
78,14,38,2000,0
64,14,38,2000,0
50,14,38,2000,0
36,14,38,2000,0
22,14,38,2000,0
8,14,38,1086,0
-6,14,38,1072,0
-20,14,38,1058,0
-34,14,38,1044,0
-48,14,38,1030,0
-62,14,38,1016,0
-76,14,38,1002,0
988,14,38,2000,0
974,14,38,2000,0
960,14,38,2000,0
946,14,38,2000,0
932,14,38,2000,0
918,14,38,2000,0
904,14,38,2000,0
890,14,38,2000,0
876,14,38,2000,0
862,14,38,2000,0
848,14,38,2000,0
834,14,38,2000,0
820,14,38,2000,0
806,14,38,2000,0
792,14,38,2000,0
778,14,38,2000,0
764,14,38,2000,0
750,14,38,2000,0
736,14,38,2000,0
722,14,38,2000,0
708,14,38,2000,0
694,14,38,2000,0
680,14,38,2000,0
666,14,38,2000,0
652,14,38,2000,0
638,14,38,2000,0
624,14,38,2000,0
610,14,38,2000,0
596,14,38,2000,0
582,14,38,2000,0
568,14,38,2000,0
554,14,38,2000,0
540,14,38,2000,0
526,14,38,2000,0
512,14,38,2000,0
498,14,38,2000,0
484,14,38,2000,0
470,14,38,2000,0
456,14,38,2000,0
442,14,38,2000,0
428,14,38,2000,0
414,14,38,2000,0
400,14,38,2000,0
386,14,38,2000,0
372,14,38,2000,0
358,14,38,2000,1
344,14,38,2000,1
330,14,38,2000,1
316,14,38,2000,1
302,14,38,2000,1
288,14,38,2000,1
274,14,38,2000,1
260,14,38,2000,1
246,14,38,2000,1
232,14,38,2000,1
218,14,38,2000,0
204,14,38,2000,0
190,14,38,2000,0
176,14,38,2000,0
162,14,38,2000,0
148,14,38,2000,0
134,14,38,2000,0
120,14,38,1086,0
106,14,38,1072,0
92,14,38,1058,0
78,14,38,1044,0
64,14,38,1030,0
50,14,38,1016,0
36,14,38,1002,0
22,14,38,988,0
8,14,38,974,0
-6,14,38,960,0
-20,14,38,946,0
932,14,38,2000,0
918,14,38,2000,0
904,14,38,2000,0
890,14,38,2000,0
876,14,38,2000,0
862,14,38,2000,0
848,14,38,2000,0
834,14,38,2000,0
820,14,38,2000,0
806,14,38,2000,0
792,14,38,2000,0
778,14,38,2000,0
764,14,38,2000,0
750,14,38,2000,0
736,14,38,2000,0
722,14,38,2000,0
708,14,38,2000,0
694,14,38,2000,0
680,14,38,2000,0
666,14,38,2000,0
652,14,38,2000,0
638,14,38,2000,0
624,14,38,2000,0
610,14,38,2000,0
596,14,38,2000,0
582,14,38,2000,0
568,14,38,2000,0
554,14,38,2000,0
540,14,38,2000,0
526,14,38,2000,0
512,14,38,2000,0
498,14,38,2000,0
484,14,38,2000,0
470,14,38,2000,0
456,14,38,2000,0
442,14,38,2000,0
428,14,38,2000,0
414,14,38,2000,0
400,14,38,2000,0
386,14,38,2000,0
372,14,38,2000,0
358,14,38,2000,0
344,14,38,2000,0
330,14,38,2000,0
316,14,38,2000,0
302,14,38,2000,0
288,14,38,2000,1
274,14,38,2000,1
260,15,38,2000,1
245,15,38,2000,1
230,15,38,2000,1
215,15,38,2000,1
200,15,38,2000,1
185,15,38,2000,1
170,15,38,2000,1
155,15,38,2000,1
140,15,38,1085,0
125,15,38,1070,0
110,15,38,1055,0
95,15,38,1040,0
80,15,38,1025,0
65,15,38,1010,0
50,15,38,995,0
35,15,38,980,0
20,15,38,965,0
5,15,38,950,0
-10,15,38,935,0
-25,15,38,920,0
-40,15,38,905,0
890,15,38,2000,0
875,15,38,2000,0
860,15,38,2000,0
845,15,38,2000,0
830,15,38,2000,0
815,15,38,2000,0
800,15,38,2000,0
785,15,38,2000,0
770,15,38,2000,0
755,15,38,2000,0
740,15,38,2000,0
725,15,38,2000,0
710,15,38,2000,0
695,15,38,2000,0
680,15,38,2000,0
665,15,38,2000,0
650,15,38,2000,0
635,15,38,2000,0
620,15,38,2000,0
605,15,38,2000,0
590,15,38,2000,0
575,15,38,2000,0
560,15,38,2000,0
545,15,38,2000,0
530,15,38,2000,0
515,15,38,2000,0
500,15,38,2000,0
485,15,38,2000,0
470,15,38,2000,0
455,15,38,2000,0
440,15,38,2000,0
425,15,38,2000,0
410,15,38,2000,0
395,15,38,2000,0
380,15,38,2000,0
365,15,38,2000,0
350,15,38,2000,0
335,15,38,2000,0
320,15,38,2000,1
305,15,38,2000,1
290,15,38,2000,1
275,15,38,2000,1
260,15,38,2000,1
245,15,38,2000,1
230,15,38,2000,1
215,15,38,2000,1
200,15,38,1085,1
185,15,38,1070,1
170,15,38,1055,1
155,15,38,1040,0
140,15,38,1025,0
125,15,38,1010,0
110,15,38,995,0
95,15,38,980,0
80,15,38,965,0
65,15,38,950,0
50,15,38,935,0
35,15,38,920,0
20,15,38,905,0
5,15,38,890,0
-10,15,38,875,0
-25,15,38,860,0
-40,15,38,845,0
-55,15,38,830,0
-70,15,38,815,0
800,15,58,2000,0
785,15,58,2000,0
770,15,58,2000,0
755,15,58,2000,0
740,15,58,2000,0
725,15,58,2000,0
710,15,58,2000,0
695,15,58,2000,0
680,15,58,2000,0
665,15,58,2000,0
650,15,58,2000,0
635,15,58,2000,0
620,15,58,2000,0
605,15,58,2000,0
590,15,58,2000,0
575,15,58,2000,0
560,15,58,2000,0
545,15,58,2000,0
530,15,58,2000,0
515,15,58,2000,0
500,15,58,2000,0
485,15,58,2000,0
470,15,58,2000,0
455,15,58,2000,0
440,15,58,2000,0
425,15,58,2000,0
410,15,58,2000,0
395,15,58,2000,0
380,15,58,2000,0
365,15,58,2000,0
350,15,58,2000,0
335,15,58,2000,0
320,15,58,2000,0
305,15,58,2000,0
290,15,58,2000,1
275,15,58,2000,1
260,15,58,2000,1
245,15,58,2000,1
230,15,58,2000,1
215,15,58,2000,1
200,15,58,2000,1
185,15,58,2000,1
170,15,58,2000,0
155,15,58,2000,0
140,15,58,2000,0
125,15,58,2000,0
110,15,58,2000,0
95,15,58,1085,0
80,15,58,1070,0
65,15,58,1055,0
50,15,58,1040,0
35,15,58,1025,0
20,15,58,1010,0
5,15,58,995,0
-10,15,58,980,0
-25,15,58,965,0
-40,15,58,950,0
-55,15,58,935,0
-70,15,58,920,0
905,15,38,2000,0
890,15,38,2000,0
875,15,38,2000,0
860,15,38,2000,0
845,15,38,2000,0
830,15,38,2000,0
815,15,38,2000,0
800,15,38,2000,0
785,15,38,2000,0
770,15,38,2000,0
755,15,38,2000,0
740,15,38,2000,0
725,15,38,2000,0
710,15,38,2000,0
695,15,38,2000,0
680,15,38,2000,0
665,15,38,2000,0
650,15,38,2000,0
635,15,38,2000,0
620,15,38,2000,0
605,15,38,2000,0
590,15,38,2000,0
575,15,38,2000,0
560,15,38,2000,0
545,15,38,2000,0
530,15,38,2000,0
515,15,38,2000,0
500,15,38,2000,0
485,15,38,2000,0
470,15,38,2000,0
455,15,38,2000,0
440,15,38,2000,0
425,15,38,2000,0
410,15,38,2000,0
395,15,38,2000,0
380,15,38,2000,0
365,15,38,2000,0
350,15,38,2000,1
335,15,38,1085,1
320,15,38,1070,1
305,15,38,1055,1
290,15,38,1040,1
275,15,38,1025,1
260,15,38,1010,1
245,15,38,995,1
230,15,38,980,1
215,15,38,965,1
200,15,38,950,1
185,15,38,935,1
170,15,38,920,1
155,15,38,905,0
140,15,38,890,0
125,15,38,875,0
110,15,38,860,0
95,15,38,845,0
80,15,38,830,0
65,15,38,815,0
50,15,38,800,0
35,15,38,785,0
20,15,38,770,0
5,15,38,755,0
-10,15,38,740,0
725,15,83,2000,0
710,15,83,2000,0
695,15,83,2000,0
680,15,83,2000,0
665,15,83,2000,0
650,15,83,2000,0
635,15,83,2000,0
620,15,83,2000,0
605,15,83,2000,0
590,15,83,2000,0
575,15,83,2000,0
560,15,83,2000,0
545,15,83,2000,0
530,15,83,2000,0
515,15,83,2000,0
500,15,83,2000,0
485,15,83,2000,0
470,15,83,2000,0
455,15,83,2000,0
440,15,83,2000,0
425,15,83,2000,0
410,15,83,2000,0
395,15,83,1085,-1
380,15,83,1070,-1
365,15,83,1055,-1
350,15,83,1040,-1
335,15,83,1025,-1
320,15,83,1010,-1
305,15,83,995,-1
290,15,83,980,-1
275,15,83,965,-1
260,15,83,950,-1
245,15,83,935,-1
230,15,83,920,-1
215,15,83,905,-1
200,15,83,890,-1
185,15,83,875,-1
170,15,83,860,-1
155,15,83,845,-1
140,15,83,830,-1
125,15,83,815,-1
110,15,83,800,-1
95,15,83,785,-1
80,15,83,770,-1
65,15,83,755,-1
50,15,83,740,-1
35,15,83,725,-1
20,15,83,710,-1
5,15,83,695,-1
-10,15,83,680,-1
-25,15,83,665,0
-40,15,83,650,0
-55,15,83,635,0
620,15,38,2000,0
605,15,38,2000,0
590,15,38,1085,0
575,15,38,1070,0
560,15,38,1055,0
545,15,38,1040,0
530,15,38,1025,0
515,15,38,1010,0
500,15,38,995,0
485,15,38,980,0
470,15,38,965,0
455,15,38,950,0
440,15,38,935,0
425,15,38,920,0
410,15,38,905,0
395,15,38,890,0
380,15,38,875,0
365,15,38,860,0
350,15,38,845,0
335,15,38,830,0
320,15,38,815,0
305,15,38,800,1
290,15,38,785,1
275,15,38,770,1
260,15,38,755,1
245,15,38,740,1
230,15,38,725,1
215,15,38,710,1
200,15,38,695,1
185,15,38,680,1
170,15,38,665,1
155,15,38,650,0
140,15,38,635,0
125,15,38,620,0
110,15,38,605,0
95,15,38,590,0
80,15,38,575,0
65,15,38,560,0
50,15,38,545,0
35,15,38,530,0
20,15,38,515,0
5,15,38,500,0
-10,15,38,485,0
-25,15,38,470,0
-40,15,38,455,0
-55,15,38,440,0
-70,15,38,425,0
410,15,58,2000,0
395,15,58,2000,0
380,15,58,2000,0
365,15,58,2000,0
350,15,58,2000,0
335,15,58,2000,0
320,15,58,2000,0
305,15,58,2000,0
290,15,58,1085,0
275,15,58,1070,1
260,15,58,1055,1
245,15,58,1040,1
230,15,58,1025,1
215,15,58,1010,0
200,15,58,995,0
185,15,58,980,0
170,15,58,965,0
155,15,58,950,0
140,15,58,935,0
125,15,58,920,0
110,15,58,905,0
95,15,58,890,0
80,15,58,875,0
65,15,58,860,0
50,15,58,845,0
35,15,58,830,0
20,15,58,815,0
5,15,58,800,0
-10,15,58,785,0
-25,15,58,770,0
-40,15,58,755,0
-55,15,58,740,0
-70,15,58,725,0
710,15,83,2000,0
695,15,83,2000,0
680,15,83,2000,0
665,15,83,2000,0
650,15,83,2000,0
635,15,83,2000,0
620,15,83,2000,0
605,15,83,2000,0
590,15,83,2000,0
575,15,83,2000,0
560,15,83,2000,0
545,15,83,2000,0
530,15,83,2000,0
515,15,83,2000,0
500,15,83,2000,0
485,15,83,2000,0
470,15,83,2000,0
455,15,83,2000,0
440,15,83,2000,0
425,15,83,2000,0
410,15,83,2000,0
395,15,83,2000,0
380,15,83,2000,0
365,15,83,2000,0
350,15,83,1085,0
335,15,83,1070,0
320,15,83,1055,-1
305,15,83,1040,-1
290,15,83,1025,-1
275,15,83,1010,-1
260,15,83,995,-1
245,15,83,980,-1
230,15,83,965,-1
215,15,83,950,-1
200,15,83,935,-1
185,15,83,920,-1
170,15,83,905,-1
155,15,83,890,-1
140,15,83,875,-1
125,15,83,860,-1
110,15,83,845,-1
95,15,83,830,-1
80,15,83,815,-1
65,15,83,800,-1
50,15,83,785,-1
35,15,83,770,-1
20,15,83,755,-1
5,15,83,740,-1
-10,15,83,725,-1
-25,15,83,710,-1
-40,15,83,695,-1
-55,15,83,680,-1
665,15,38,2000,0
650,15,38,2000,0
635,15,38,2000,0
620,15,38,2000,0
605,15,38,2000,0
590,15,38,2000,0
575,15,38,2000,0
560,15,38,2000,0
545,16,38,2000,0
529,16,38,2000,0
513,16,38,2000,0
497,16,38,2000,0
481,16,38,2000,0
465,16,38,2000,0
449,16,38,2000,0
433,16,38,2000,0
417,16,38,2000,0
401,16,38,2000,0
385,16,38,2000,0
369,16,38,2000,0
353,16,38,2000,0
337,16,38,2000,0
321,16,38,2000,1
305,16,38,2000,1
289,16,38,2000,1
273,16,38,2000,1
257,16,38,2000,1
241,16,38,2000,1
225,16,38,2000,1
209,16,38,2000,1
193,16,38,2000,0
177,16,38,2000,0
161,16,38,2000,0
145,16,38,2000,0
129,16,38,2000,0
113,16,38,2000,0
97,16,38,2000,0
81,16,38,2000,0
65,16,38,2000,0
49,16,38,2000,0
33,16,38,2000,0
17,16,38,2000,0
1,16,38,2000,0
-15,16,38,2000,0
1084,16,38,2000,0
1068,16,38,2000,0
1052,16,38,2000,0
1036,16,38,2000,0
1020,16,38,2000,0
1004,16,38,2000,0
988,16,38,2000,0
972,16,38,2000,0
956,16,38,2000,0
940,16,38,2000,0
924,16,38,2000,0
908,16,38,2000,0
892,16,38,2000,0
876,16,38,2000,0
860,16,38,2000,0
844,16,38,2000,0
828,16,38,2000,0
812,16,38,2000,0
796,16,38,2000,0
780,16,38,2000,0
764,16,38,2000,0
748,16,38,2000,0
732,16,38,2000,0
716,16,38,2000,0
700,16,38,2000,0
684,16,38,2000,0
668,16,38,2000,0
652,16,38,2000,0
636,16,38,2000,0
620,16,38,2000,0
604,16,38,2000,0
588,16,38,2000,0
572,16,38,2000,0
556,16,38,2000,0
540,16,38,2000,0
524,16,38,2000,0
508,16,38,2000,0
492,16,38,2000,0
476,16,38,2000,0
460,16,38,2000,0
444,16,38,2000,0
428,16,38,2000,0
412,16,38,2000,0
396,16,38,2000,0
380,16,38,2000,0
364,16,38,2000,0
348,16,38,2000,0
332,16,38,2000,0
316,16,38,2000,1
300,16,38,2000,1
284,16,38,2000,1
268,16,38,2000,1
252,16,38,1084,1
236,16,38,1068,1
220,16,38,1052,1
204,16,38,1036,1
188,16,38,1020,1
172,16,38,1004,0
156,16,38,988,0
140,16,38,972,0
124,16,38,956,0
108,16,38,940,0
92,16,38,924,0
76,16,38,908,0
60,16,38,892,0
44,16,38,876,0
28,16,38,860,0
12,16,38,844,0
-4,16,38,828,0
-20,16,38,812,0
-36,16,38,796,0
-52,16,38,780,0
-68,16,38,764,0
748,16,38,2000,0
732,16,38,2000,0
716,16,38,2000,0
700,16,38,2000,0
684,16,38,2000,0
668,16,38,2000,0
652,16,38,2000,0
636,16,38,2000,0
620,16,38,2000,0
604,16,38,2000,0
588,16,38,2000,0
572,16,38,2000,0
556,16,38,2000,0
540,16,38,2000,0
524,16,38,2000,0
508,16,38,2000,0
492,16,38,2000,0
476,16,38,2000,0
460,16,38,2000,0
444,16,38,2000,0
428,16,38,2000,0
412,16,38,2000,0
396,16,38,2000,0
380,16,38,2000,0
364,16,38,2000,0
348,16,38,2000,1
332,16,38,2000,1
316,16,38,2000,1
300,16,38,2000,1
284,16,38,2000,1
268,16,38,2000,1
252,16,38,2000,1
236,16,38,2000,1
220,16,38,2000,1
204,16,38,2000,0
188,16,38,2000,0
172,16,38,2000,0
156,16,38,2000,0
140,16,38,2000,0
124,16,38,2000,0
108,16,38,2000,0
92,16,38,2000,0
76,16,38,2000,0
60,16,38,2000,0
44,16,38,2000,0
28,16,38,2000,0
12,16,38,2000,0
-4,16,38,2000,0
-20,16,38,2000,0
1084,16,38,2000,0
1068,16,38,2000,0
1052,16,38,2000,0
1036,16,38,2000,0
1020,16,38,2000,0
1004,16,38,2000,0
988,16,38,2000,0
972,16,38,2000,0
956,16,38,2000,0
940,16,38,2000,0
924,16,38,2000,0
908,16,38,2000,0
892,16,38,2000,0
876,16,38,2000,0
860,16,38,2000,0
844,16,38,2000,0
828,16,38,2000,0
812,16,38,2000,0
796,16,38,2000,0
780,16,38,2000,0
764,16,38,2000,0
748,16,38,2000,0
732,16,38,2000,0
716,16,38,2000,0
700,16,38,2000,0
684,16,38,2000,0
668,16,38,2000,0
652,16,38,2000,0
636,16,38,2000,0
620,16,38,2000,0
604,16,38,2000,0
588,16,38,2000,0
572,16,38,2000,0
556,16,38,2000,0
540,16,38,2000,0
524,16,38,2000,0
508,16,38,2000,0
492,16,38,2000,0
476,16,38,2000,0
460,16,38,2000,0
444,16,38,2000,0
428,16,38,2000,0
412,16,38,2000,0
396,16,38,2000,0
380,16,38,2000,0
364,16,38,2000,0
348,16,38,2000,0
332,16,38,2000,0
316,16,38,2000,1
300,16,38,2000,1
284,16,38,2000,1
268,16,38,2000,1
252,16,38,2000,1
236,16,38,2000,1
220,16,38,1084,1
204,16,38,1068,1
188,16,38,1052,0
172,16,38,1036,0
156,16,38,1020,0
140,16,38,1004,0
124,16,38,988,0
108,16,38,972,0
92,16,38,956,0
76,16,38,940,0
60,16,38,924,0
44,16,38,908,0
28,16,38,892,0
12,16,38,876,0
-4,16,38,860,0
-20,16,38,844,0
828,16,58,2000,0
812,16,58,2000,0
796,16,58,2000,0
780,16,58,2000,0
764,16,58,2000,0
748,16,58,2000,0
732,16,58,2000,0
716,16,58,2000,0
700,16,58,2000,0
684,16,58,2000,0
668,16,58,2000,0
652,16,58,2000,0
636,16,58,2000,0
620,16,58,2000,0
604,16,58,2000,0
588,16,58,2000,0
572,16,58,2000,0
556,16,58,2000,0
540,16,58,2000,0
524,16,58,2000,0
508,16,58,2000,0
492,16,58,2000,0
476,16,58,2000,0
460,16,58,2000,0
444,16,58,2000,0
428,16,58,2000,0
412,16,58,2000,0
396,16,58,2000,0
380,16,58,2000,0
364,16,58,2000,0
348,16,58,2000,0
332,16,58,2000,1
316,16,58,2000,1
300,16,58,2000,1
284,16,58,2000,1
268,16,58,2000,1
252,16,58,2000,1
236,16,58,2000,1
220,16,58,2000,1
204,16,58,2000,1
188,16,58,2000,0
172,16,58,2000,0
156,16,58,2000,0
140,16,58,2000,0
124,16,58,2000,0
108,16,58,2000,0
92,16,58,1084,0
76,16,58,1068,0
60,16,58,1052,0
44,16,58,1036,0
28,16,58,1020,0
12,16,58,1004,0
-4,16,58,988,0
-20,16,58,972,0
-36,16,58,956,0
-52,16,58,940,0
-68,16,58,924,0
908,16,58,2000,0
892,16,58,2000,0
876,16,58,2000,0
860,16,58,2000,0
844,16,58,2000,0
828,16,58,2000,0
812,16,58,2000,0
796,16,58,2000,0
780,16,58,2000,0
764,16,58,2000,0
748,16,58,2000,0
732,16,58,2000,0
716,16,58,2000,0
700,16,58,2000,0
684,16,58,2000,0
668,16,58,2000,0
652,16,58,2000,0
636,16,58,2000,0
620,16,58,2000,0
604,16,58,2000,0
588,16,58,2000,0
572,16,58,2000,0
556,16,58,2000,0
540,16,58,2000,0
524,16,58,2000,0
508,16,58,2000,0
492,16,58,2000,0
476,16,58,2000,0
460,16,58,1084,0
444,16,58,1068,0
428,16,58,1052,0
412,16,58,1036,0
396,16,58,1020,0
380,16,58,1004,0
364,16,58,988,0
348,16,58,972,0
332,16,58,956,1
316,16,58,940,1
300,16,58,924,1
284,16,58,908,1
268,16,58,892,1
252,16,58,876,1
236,16,58,860,1
220,16,58,844,1
204,16,58,828,1
188,16,58,812,1
172,16,58,796,0
156,16,58,780,0
140,16,58,764,0
124,16,58,748,0
108,16,58,732,0
92,16,58,716,0
76,16,58,700,0
60,16,58,684,0
44,16,58,668,0
28,16,58,652,0
12,16,58,636,0
-4,16,58,620,0
-20,16,58,604,0
-36,16,58,588,0
-52,16,58,572,0
-68,16,58,556,0
540,16,38,2000,0
524,16,38,2000,0
508,16,38,2000,0
492,16,38,2000,0
476,16,38,2000,0
460,16,38,2000,0
444,16,38,2000,0
428,16,38,2000,0
412,16,38,2000,0
396,16,38,2000,0
380,16,38,2000,1
364,16,38,2000,1
348,16,38,2000,1
332,16,38,2000,1
316,16,38,2000,1
300,16,38,2000,1
284,16,38,2000,1
268,16,38,2000,1
252,16,38,2000,1
236,16,38,2000,1
220,16,38,2000,0
204,16,38,2000,0
188,16,38,2000,0
172,16,38,2000,0
156,16,38,2000,0
140,16,38,2000,0
124,16,38,1084,0
108,16,38,1068,0
92,16,38,1052,0
76,16,38,1036,0
60,16,38,1020,0
44,16,38,1004,0
28,16,38,988,0
12,16,38,972,0
-4,16,38,956,0
-20,16,38,940,0
-36,16,38,924,0
-52,16,38,908,0
-68,16,38,892,0
876,16,58,2000,0
860,16,58,2000,0
844,16,58,2000,0
828,16,58,2000,0
812,16,58,2000,0
796,16,58,2000,0
780,16,58,2000,0
764,16,58,2000,0
748,16,58,2000,0
732,16,58,2000,0
716,16,58,2000,0
700,16,58,2000,0
684,16,58,2000,0
668,16,58,2000,0
652,17,58,2000,0
635,17,58,2000,0
618,17,58,2000,0
601,17,58,2000,0
584,17,58,2000,0
567,17,58,2000,0
550,17,58,2000,0
533,17,58,2000,0
516,17,58,2000,0
499,17,58,2000,0
482,17,58,2000,0
465,17,58,2000,0
448,17,58,2000,0
431,17,58,2000,0
414,17,58,2000,0
397,17,58,2000,0
380,17,58,2000,0
363,17,58,2000,0
346,17,58,2000,0
329,17,58,1083,1
312,17,58,1066,1
295,17,58,1049,1
278,17,58,1032,1
261,17,58,1015,1
244,17,58,998,1
227,17,58,981,1
210,17,58,964,1
193,17,58,947,1
176,17,58,930,1
159,17,58,913,1
142,17,58,896,0
125,17,58,879,0
108,17,58,862,0
91,17,58,845,0
74,17,58,828,0
57,17,58,811,0
40,17,58,794,0
23,17,58,777,0
6,17,58,760,0
-11,17,58,743,0
-28,17,58,726,0
-45,17,58,709,0
-62,17,58,692,0
-79,17,58,675,0
658,17,38,2000,0
641,17,38,2000,0
624,17,38,2000,0
607,17,38,2000,0
590,17,38,2000,0
573,17,38,2000,0
556,17,38,2000,0
539,17,38,2000,0
522,17,38,2000,0
505,17,38,2000,0
488,17,38,2000,0
471,17,38,2000,0
454,17,38,2000,0
437,17,38,2000,0
420,17,38,2000,0
403,17,38,2000,0
386,17,38,2000,0
369,17,38,2000,0
352,17,38,2000,1
335,17,38,2000,1
318,17,38,2000,1
301,17,38,2000,1
284,17,38,2000,1
267,17,38,2000,1
250,17,38,2000,1
233,17,38,2000,1
216,17,38,2000,0
199,17,38,2000,0
182,17,38,2000,0
165,17,38,2000,0
148,17,38,2000,0
131,17,38,2000,0
114,17,38,2000,0
97,17,38,2000,0
80,17,38,2000,0
63,17,38,1083,0
46,17,38,1066,0
29,17,38,1049,0
12,17,38,1032,0
-5,17,38,1015,0
-22,17,38,998,0
-39,17,38,981,0
964,17,58,2000,0
947,17,58,2000,0
930,17,58,2000,0
913,17,58,2000,0
896,17,58,2000,0
879,17,58,2000,0
862,17,58,2000,0
845,17,58,2000,0
828,17,58,2000,0
811,17,58,2000,0
794,17,58,2000,0
777,17,58,2000,0
760,17,58,2000,0
743,17,58,2000,0
726,17,58,2000,0
709,17,58,2000,0
692,17,58,2000,0
675,17,58,2000,0
658,17,58,2000,0
641,17,58,2000,0
624,17,58,2000,0
607,17,58,2000,0
590,17,58,2000,0
573,17,58,2000,0
556,17,58,2000,0
539,17,58,2000,0
522,17,58,2000,0
505,17,58,2000,0
488,17,58,2000,0
471,17,58,2000,0
454,17,58,2000,0
437,17,58,2000,0
420,17,58,2000,0
403,17,58,2000,0
386,17,58,2000,0
369,17,58,2000,0
352,17,58,2000,0
335,17,58,2000,0
318,17,58,2000,1
301,17,58,2000,1
284,17,58,2000,1
267,17,58,2000,1
250,17,58,2000,1
233,17,58,2000,1
216,17,58,2000,1
199,17,58,2000,1
182,17,58,2000,1
165,17,58,2000,1
148,17,58,2000,1
131,17,58,2000,0
114,17,58,2000,0
97,17,58,2000,0
80,17,58,2000,0
63,17,58,2000,0
46,17,58,2000,0
29,17,58,1083,0
12,17,58,1066,0
-5,17,58,1049,0
-22,17,58,1032,0
1015,17,38,2000,0
998,17,38,2000,0
981,17,38,2000,0
964,17,38,2000,0
947,17,38,2000,0
930,17,38,2000,0
913,17,38,2000,0
896,17,38,2000,0
879,17,38,2000,0
862,17,38,2000,0
845,17,38,2000,0
828,17,38,2000,0
811,17,38,2000,0
794,17,38,2000,0
777,17,38,2000,0
760,17,38,2000,0
743,17,38,2000,0
726,17,38,2000,0
709,17,38,2000,0
692,17,38,2000,0
675,17,38,2000,0
658,17,38,2000,0
641,17,38,2000,0
624,17,38,2000,0
607,17,38,2000,0
590,17,38,2000,0
573,17,38,2000,0
556,17,38,2000,0
539,17,38,2000,0
522,17,38,2000,0
505,17,38,2000,0
488,17,38,2000,0
471,17,38,2000,0
454,17,38,2000,0
437,17,38,2000,0
420,17,38,2000,0
403,17,38,2000,0
386,17,38,2000,0
369,17,38,2000,1
352,17,38,2000,1
335,17,38,2000,1
318,17,38,2000,1
301,17,38,2000,1
284,17,38,2000,1
267,17,38,2000,1
250,17,38,2000,1
233,17,38,2000,1
216,17,38,2000,0
199,17,38,2000,0
182,17,38,2000,0
165,17,38,2000,0
148,17,38,2000,0
131,17,38,2000,0
114,17,38,1083,0
97,17,38,1066,0
80,17,38,1049,0
63,17,38,1032,0
46,17,38,1015,0
29,17,38,998,0
12,17,38,981,0
-5,17,38,964,0
-22,17,38,947,0
-39,17,38,930,0
-56,17,38,913,0
896,17,83,2000,0
879,17,83,2000,0
862,17,83,2000,0
845,17,83,2000,0
828,17,83,2000,0
811,17,83,2000,0
794,17,83,2000,0
777,17,83,2000,0
760,17,83,2000,0
743,17,83,2000,0
726,17,83,2000,0
709,17,83,2000,0
692,17,83,2000,0
675,17,83,2000,0
658,17,83,2000,0
641,17,83,2000,0
624,17,83,2000,0
607,17,83,2000,0
590,17,83,2000,0
573,17,83,2000,0
556,17,83,2000,0
539,17,83,2000,0
522,17,83,2000,0
505,17,83,2000,0
488,17,83,2000,0
471,17,83,2000,0
454,17,83,2000,0
437,17,83,2000,0
420,17,83,2000,0
403,17,83,2000,0
386,17,83,2000,-1
369,17,83,2000,-1
352,17,83,2000,-1
335,17,83,2000,-1
318,17,83,2000,-1
301,17,83,2000,-1
284,17,83,2000,-1
267,17,83,2000,-1
250,17,83,2000,-1
233,17,83,2000,-1
216,17,83,2000,-1
199,17,83,2000,-1
182,17,83,1083,-1
165,17,83,1066,-1
148,17,83,1049,-1
131,17,83,1032,-1
114,17,83,1015,-1
97,17,83,998,-1
80,17,83,981,-1
63,17,83,964,-1
46,17,83,947,-1
29,17,83,930,-1
12,17,83,913,-1
-5,17,83,896,-1
-22,17,83,879,-1
-39,17,83,862,-1
-56,17,83,845,-1
828,17,58,2000,-1
811,17,58,2000,-1
794,17,58,2000,-1
777,17,58,2000,0
760,17,58,2000,0
743,17,58,2000,0
726,17,58,2000,0
709,17,58,2000,0
692,17,58,2000,0
675,17,58,2000,0
658,17,58,2000,0
641,17,58,2000,0
624,17,58,2000,0
607,17,58,2000,0
590,17,58,2000,0
573,17,58,2000,0
556,17,58,2000,0
539,17,58,2000,0
522,17,58,2000,0
505,17,58,2000,0
488,17,58,2000,0
471,17,58,2000,0
454,17,58,2000,0
437,17,58,2000,0
420,17,58,2000,0
403,17,58,2000,0
386,17,58,2000,0
369,17,58,2000,0
352,17,58,2000,0
335,17,58,2000,1
318,17,58,2000,1
301,17,58,2000,1
284,17,58,2000,1
267,17,58,2000,1
250,17,58,2000,1
233,17,58,2000,1
216,17,58,2000,1
199,17,58,2000,1
182,17,58,2000,1
165,17,58,2000,1
148,17,58,2000,0
131,17,58,2000,0
114,17,58,2000,0
97,17,58,2000,0
80,17,58,2000,0
63,17,58,2000,0
46,17,58,2000,0
29,17,58,2000,0
12,17,58,2000,0
-5,17,58,2000,0
-22,17,58,1083,0
1066,17,58,2000,0
1049,17,58,2000,0
1032,17,58,2000,0
1015,17,58,2000,0
998,17,58,2000,0
981,17,58,2000,0
964,17,58,2000,0
947,17,58,2000,0
930,17,58,2000,0
913,17,58,2000,0
896,17,58,2000,0
879,17,58,2000,0
862,17,58,2000,0
845,17,58,2000,0
828,17,58,2000,0
811,17,58,2000,0
794,17,58,2000,0
777,17,58,2000,0
760,17,58,2000,0
743,17,58,2000,0
726,17,58,2000,0
709,17,58,2000,0
692,17,58,2000,0
675,17,58,2000,0
658,17,58,2000,0
641,17,58,2000,0
624,17,58,2000,0
607,17,58,2000,0
590,17,58,2000,0
573,17,58,2000,0
556,17,58,2000,0
539,17,58,2000,0
522,17,58,2000,0
505,17,58,2000,0
488,17,58,2000,0
471,17,58,2000,0
454,17,58,2000,0
437,17,58,2000,0
420,17,58,2000,0
403,17,58,2000,0
386,17,58,2000,0
369,17,58,2000,1
352,17,58,2000,1
335,17,58,2000,1
318,17,58,2000,1
301,17,58,2000,1
284,17,58,2000,1
267,17,58,2000,1
250,17,58,2000,1
233,17,58,2000,1
216,17,58,2000,1
199,17,58,1083,1
182,17,58,1066,1
165,17,58,1049,1
148,17,58,1032,1
131,17,58,1015,1
114,17,58,998,1
97,17,58,981,0
80,17,58,964,0
63,17,58,947,0
46,17,58,930,0
29,17,58,913,0
12,17,58,896,0
-5,17,58,879,0
-22,17,58,862,0
-39,17,58,845,0
-56,17,58,828,0
-73,17,58,811,0
794,17,38,2000,0
777,17,38,2000,0
760,17,38,2000,0
743,17,38,2000,0
726,17,38,2000,0
709,17,38,2000,0
692,17,38,2000,0
675,17,38,2000,0
658,17,38,2000,0
641,17,38,2000,0
624,17,38,2000,0
607,17,38,2000,0
590,17,38,2000,0
573,17,38,2000,0
556,17,38,2000,0
539,18,38,2000,0
521,18,38,2000,0
503,18,38,2000,0
485,18,38,2000,0
467,18,38,2000,0
449,18,38,2000,0
431,18,38,2000,0
413,18,38,2000,0
395,18,38,2000,0
377,18,38,2000,0
359,18,38,2000,0
341,18,38,2000,0
323,18,38,2000,0
305,18,38,2000,0
287,18,38,2000,0
269,18,38,2000,1
251,18,38,2000,1
233,18,38,2000,1
215,18,38,2000,1
197,18,38,2000,1
179,18,38,2000,1
161,18,38,2000,0
143,18,38,2000,0
125,18,38,2000,0
107,18,38,2000,0
89,18,38,2000,0
71,18,38,1082,0
53,18,38,1064,0
35,18,38,1046,0
17,18,38,1028,0
-1,18,38,1010,0
-19,18,38,992,0
-37,18,38,974,0
-55,18,38,956,0
-73,18,38,938,0
920,18,58,2000,0
902,18,58,2000,0
884,18,58,2000,0
866,18,58,2000,0
848,18,58,2000,0
830,18,58,2000,0
812,18,58,2000,0
794,18,58,2000,0
776,18,58,2000,0
758,18,58,2000,0
740,18,58,2000,0
722,18,58,2000,0
704,18,58,2000,0
686,18,58,2000,0
668,18,58,2000,0
650,18,58,2000,0
632,18,58,2000,0
614,18,58,2000,0
596,18,58,2000,0
578,18,58,2000,0
560,18,58,2000,0
542,18,58,2000,0
524,18,58,2000,0
506,18,58,2000,0
488,18,58,2000,0
470,18,58,2000,0
452,18,58,2000,0
434,18,58,2000,0
416,18,58,2000,0
398,18,58,2000,1
380,18,58,2000,1
362,18,58,1082,1
344,18,58,1064,1
326,18,58,1046,1
308,18,58,1028,1
290,18,58,1010,1
272,18,58,992,1
254,18,58,974,1
236,18,58,956,1
218,18,58,938,1
200,18,58,920,1
182,18,58,902,1
164,18,58,884,1
146,18,58,866,1
128,18,58,848,1
110,18,58,830,1
92,18,58,812,1
74,18,58,794,1
56,18,58,776,0
38,18,58,758,0
20,18,58,740,0
2,18,58,722,0
-16,18,58,704,0
-34,18,58,686,0
-52,18,58,668,0
-70,18,58,650,0
632,18,38,2000,0
614,18,38,2000,0
596,18,38,2000,0
578,18,38,2000,0
560,18,38,2000,0
542,18,38,2000,0
524,18,38,2000,0
506,18,38,2000,0
488,18,38,2000,0
470,18,38,2000,0
452,18,38,2000,0
434,18,38,2000,0
416,18,38,2000,1
398,18,38,2000,1
380,18,38,2000,1
362,18,38,2000,1
344,18,38,2000,1
326,18,38,2000,1
308,18,38,2000,1
290,18,38,2000,1
272,18,38,2000,1
254,18,38,2000,1
236,18,38,2000,1
218,18,38,2000,1
200,18,38,2000,1
182,18,38,2000,1
164,18,38,2000,1
146,18,38,2000,0
128,18,38,2000,0
110,18,38,2000,0
92,18,38,2000,0
74,18,38,2000,0
56,18,38,1082,0
38,18,38,1064,0
20,18,38,1046,0
2,18,38,1028,0
-16,18,38,1010,0
-34,18,38,992,0
-52,18,38,974,0
-70,18,38,956,0
938,18,58,2000,0
920,18,58,2000,0
902,18,58,2000,0
884,18,58,2000,0
866,18,58,2000,0
848,18,58,2000,0
830,18,58,2000,0
812,18,58,2000,0
794,18,58,2000,0
776,18,58,2000,0
758,18,58,2000,0
740,18,58,2000,0
722,18,58,2000,0
704,18,58,2000,0
686,18,58,2000,0
668,18,58,2000,0
650,18,58,2000,0
632,18,58,2000,0
614,18,58,2000,0
596,18,58,2000,0
578,18,58,2000,0
560,18,58,2000,0
542,18,58,2000,0
524,18,58,2000,0
506,18,58,2000,0
488,18,58,2000,0
470,18,58,2000,0
452,18,58,2000,0
434,18,58,2000,0
416,18,58,2000,0
398,18,58,2000,0
380,18,58,2000,1
362,18,58,2000,1
344,18,58,2000,1
326,18,58,2000,1
308,18,58,2000,1
290,18,58,2000,1
272,18,58,2000,1
254,18,58,2000,1
236,18,58,2000,1
218,18,58,2000,1
200,18,58,2000,1
182,18,58,2000,1
164,18,58,2000,1
146,18,58,2000,0
128,18,58,2000,0
110,18,58,2000,0
92,18,58,2000,0
74,18,58,1082,0
56,18,58,1064,0
38,18,58,1046,0
20,18,58,1028,0
2,18,58,1010,0
-16,18,58,992,0
-34,18,58,974,0
-52,18,58,956,0
-70,18,58,938,0
920,18,58,2000,0
902,18,58,2000,0
884,18,58,2000,0
866,18,58,2000,0
848,18,58,2000,0
830,18,58,2000,0
812,18,58,2000,0
794,18,58,2000,0
776,18,58,2000,0
758,18,58,2000,0
740,18,58,2000,0
722,18,58,2000,0
704,18,58,2000,0
686,18,58,2000,0
668,18,58,2000,0
650,18,58,2000,0
632,18,58,2000,0
614,18,58,2000,0
596,18,58,2000,0
578,18,58,2000,0
560,18,58,2000,0
542,18,58,2000,0
524,18,58,2000,0
506,18,58,2000,0
488,18,58,2000,0
470,18,58,2000,0
452,18,58,2000,0
434,18,58,1082,0
416,18,58,1064,0
398,18,58,1046,0
380,18,58,1028,0
362,18,58,1010,0
344,18,58,992,0
326,18,58,974,1
308,18,58,956,1
290,18,58,938,1
272,18,58,920,1
254,18,58,902,1
236,18,58,884,1
218,18,58,866,1
200,18,58,848,1
182,18,58,830,0
164,18,58,812,0
146,18,58,794,0
128,18,58,776,0
110,18,58,758,0
92,18,58,740,0
74,18,58,722,0
56,18,58,704,0
38,18,58,686,0
20,18,58,668,0
2,18,58,650,0
-16,18,58,632,0
-34,18,58,614,0
-52,18,58,596,0
-70,18,58,578,0
560,18,83,2000,0
542,18,83,2000,0
524,18,83,2000,0
506,18,83,2000,0
488,18,83,2000,0
470,18,83,2000,0
452,18,83,2000,0
434,18,83,2000,0
416,18,83,2000,0
398,18,83,2000,0
380,18,83,2000,0
362,18,83,2000,0
344,18,83,2000,1
326,18,83,2000,1
308,18,83,2000,1
290,18,83,2000,1
272,18,83,2000,1
254,18,83,2000,1
236,18,83,1082,1
218,18,83,1064,1
200,18,83,1046,1
182,18,83,1028,1
164,18,83,1010,1
146,18,83,992,1
128,18,83,974,1
110,18,83,956,1
92,18,83,938,1
74,18,83,920,1
56,18,83,902,1
38,18,83,884,1
20,18,83,866,1
2,18,83,848,1
-16,18,83,830,1
-34,18,83,812,1
-52,18,83,794,1
776,18,58,2000,1
758,18,58,2000,1
740,18,58,2000,1
722,18,58,2000,1
704,18,58,2000,0
686,18,58,2000,0
668,18,58,2000,0
650,18,58,2000,0
632,18,58,2000,0
614,18,58,2000,0
596,18,58,2000,0
578,18,58,2000,0
560,18,58,2000,0
542,18,58,2000,0
524,18,58,2000,0
506,18,58,2000,0
488,18,58,2000,0
470,18,58,2000,0
452,18,58,2000,0
434,18,58,2000,0
416,18,58,2000,0
398,18,58,2000,0
380,18,58,2000,0
362,18,58,2000,0
344,18,58,2000,1
326,18,58,2000,1
308,18,58,2000,1
290,18,58,2000,1
272,18,58,2000,1
254,18,58,2000,1
236,18,58,2000,1
218,18,58,2000,1
200,18,58,2000,1
182,18,58,2000,1
164,18,58,2000,1
146,18,58,2000,1
128,18,58,2000,0
110,18,58,2000,0
92,18,58,2000,0
74,18,58,2000,0
56,18,58,2000,0
38,18,58,2000,0
20,18,58,2000,0
2,18,58,2000,0
-16,18,58,2000,0
-34,18,58,1082,0
-52,18,58,1064,0
-70,18,58,1046,0
1028,18,58,2000,0
1010,18,58,2000,0
992,18,58,2000,0
974,18,58,2000,0
956,18,58,2000,0
938,18,58,2000,0
920,18,58,2000,0
902,18,58,2000,0
884,18,58,2000,0
866,18,58,2000,0
848,18,58,2000,0
830,18,58,2000,0
812,18,58,2000,0
794,18,58,2000,0
776,18,58,2000,0
758,18,58,2000,0
740,18,58,2000,0
722,18,58,2000,0
704,18,58,2000,0
686,18,58,2000,0
668,18,58,2000,0
650,18,58,2000,0
632,18,58,2000,0
614,18,58,2000,0
596,18,58,2000,0
578,18,58,2000,0
560,18,58,2000,0
542,18,58,2000,0
524,18,58,2000,0
506,18,58,2000,0
488,18,58,2000,0
470,18,58,2000,0
452,18,58,2000,0
434,18,58,2000,0
416,18,58,2000,1
398,18,58,2000,1
380,18,58,2000,1
362,18,58,2000,1
344,18,58,2000,1
326,18,58,2000,1
308,18,58,2000,1
290,18,58,2000,1
272,18,58,2000,1
254,18,58,2000,1
236,18,58,2000,0
218,18,58,2000,0
200,18,58,2000,0
182,18,58,2000,0
164,18,58,2000,0
146,18,58,2000,0
128,18,58,2000,0
110,18,58,2000,0
92,18,58,2000,0
74,18,58,2000,0
56,18,58,2000,0
38,18,58,2000,0
20,18,58,2000,0
2,18,58,2000,0
-16,18,58,1082,0
-34,18,58,1064,0
-52,18,58,1046,0
-70,18,58,1028,0
1010,18,38,2000,0
992,18,38,2000,0
974,18,38,2000,0
956,18,38,2000,0
938,18,38,2000,0
920,18,38,2000,0
902,18,38,2000,0
884,18,38,2000,0
866,18,38,2000,0
848,18,38,2000,0
830,18,38,2000,0
812,19,38,2000,0
793,19,38,2000,0
774,19,38,2000,0
755,19,38,2000,0
736,19,38,2000,0
717,19,38,2000,0
698,19,38,2000,0
679,19,38,2000,0
660,19,38,2000,0
641,19,38,2000,0
622,19,38,2000,0
603,19,38,2000,0
584,19,38,2000,0
565,19,38,2000,0
546,19,38,2000,0
527,19,38,2000,0
508,19,38,2000,0
489,19,38,2000,0
470,19,38,2000,0
451,19,38,2000,0
432,19,38,2000,0
413,19,38,2000,0
394,19,38,2000,1
375,19,38,2000,1
356,19,38,2000,1
337,19,38,2000,1
318,19,38,2000,1
299,19,38,2000,1
280,19,38,2000,1
261,19,38,2000,1
242,19,38,2000,1
223,19,38,2000,1
204,19,38,2000,1
185,19,38,2000,0
166,19,38,2000,0
147,19,38,2000,0
128,19,38,2000,0
109,19,38,2000,0
90,19,38,2000,0
71,19,38,2000,0
52,19,38,2000,0
33,19,38,2000,0
14,19,38,2000,0
-5,19,38,2000,0
1081,19,38,2000,0
1062,19,38,2000,0
1043,19,38,2000,0
1024,19,38,2000,0
1005,19,38,2000,0
986,19,38,2000,0
967,19,38,2000,0
948,19,38,2000,0
929,19,38,2000,0
910,19,38,2000,0
891,19,38,2000,0
872,19,38,2000,0
853,19,38,2000,0
834,19,38,2000,0
815,19,38,2000,0
796,19,38,2000,0
777,19,38,2000,0
758,19,38,2000,0
739,19,38,2000,0
720,19,38,2000,0
701,19,38,2000,0
682,19,38,2000,0
663,19,38,2000,0
644,19,38,2000,0
625,19,38,2000,0
606,19,38,2000,0
587,19,38,2000,0
568,19,38,2000,0
549,19,38,2000,0
530,19,38,2000,0
511,19,38,2000,0
492,19,38,2000,0
473,19,38,2000,0
454,19,38,2000,0
435,19,38,2000,1
416,19,38,2000,1
397,19,38,2000,1
378,19,38,2000,1
359,19,38,2000,1
340,19,38,2000,1
321,19,38,2000,1
302,19,38,2000,1
283,19,38,2000,1
264,19,38,2000,1
245,19,38,2000,0
226,19,38,2000,0
207,19,38,2000,0
188,19,38,2000,0
169,19,38,2000,0
150,19,38,2000,0
131,19,38,1081,0
112,19,38,1062,0
93,19,38,1043,0
74,19,38,1024,0
55,19,38,1005,0
36,19,38,986,0
17,19,38,967,0
-2,19,38,948,0
-21,19,38,929,0
-40,19,38,910,0
-59,19,38,891,0
872,19,38,2000,0
853,19,38,2000,0
834,19,38,2000,0
815,19,38,2000,0
796,19,38,2000,0
777,19,38,2000,0
758,19,38,2000,0
739,19,38,2000,0
720,19,38,2000,0
701,19,38,2000,0
682,19,38,2000,0
663,19,38,2000,0
644,19,38,2000,0
625,19,38,2000,0
606,19,38,2000,0
587,19,38,2000,0
568,19,38,2000,0
549,19,38,2000,0
530,19,38,2000,0
511,19,38,2000,0
492,19,38,2000,0
473,19,38,2000,0
454,19,38,2000,1
435,19,38,2000,1
416,19,38,2000,1
397,19,38,2000,1
378,19,38,2000,1
359,19,38,2000,1
340,19,38,2000,1
321,19,38,2000,1
302,19,38,2000,1
283,19,38,2000,1
264,19,38,2000,1
245,19,38,2000,1
226,19,38,2000,0
207,19,38,2000,0
188,19,38,2000,0
169,19,38,2000,0
150,19,38,2000,0
131,19,38,2000,0
112,19,38,2000,0
93,19,38,2000,0
74,19,38,2000,0
55,19,38,2000,0
36,19,38,2000,0
17,19,38,2000,0
-2,19,38,2000,0
-21,19,38,2000,0
-40,19,38,1081,0
1062,19,58,2000,0
1043,19,58,2000,0
1024,19,58,2000,0
1005,19,58,2000,0
986,19,58,2000,0
967,19,58,2000,0
948,19,58,2000,0
929,19,58,2000,0
910,19,58,2000,0
891,19,58,2000,0
872,19,58,2000,0
853,19,58,2000,0
834,19,58,2000,0
815,19,58,2000,0
796,19,58,2000,0
777,19,58,2000,0
758,19,58,2000,0
739,19,58,2000,0
720,19,58,2000,0
701,19,58,2000,0
682,19,58,2000,0
663,19,58,2000,0
644,19,58,2000,0
625,19,58,2000,0
606,19,58,2000,0
587,19,58,2000,0
568,19,58,2000,0
549,19,58,2000,0
530,19,58,1081,0
511,19,58,1062,0
492,19,58,1043,0
473,19,58,1024,0
454,19,58,1005,0
435,19,58,986,0
416,19,58,967,0
397,19,58,948,1
378,19,58,929,1
359,19,58,910,1
340,19,58,891,1
321,19,58,872,1
302,19,58,853,1
283,19,58,834,1
264,19,58,815,1
245,19,58,796,1
226,19,58,777,1
207,19,58,758,0
188,19,58,739,0
169,19,58,720,0
150,19,58,701,0
131,19,58,682,0
112,19,58,663,0
93,19,58,644,0
74,19,58,625,0
55,19,58,606,0
36,19,58,587,0
17,19,58,568,0
-2,19,58,549,0
-21,19,58,530,0
-40,19,58,511,0
-59,19,58,492,0
-78,19,58,473,0
454,19,58,2000,0
435,19,58,2000,0
416,19,58,2000,0
397,19,58,2000,0
378,19,58,2000,0
359,19,58,2000,1
340,19,58,2000,1
321,19,58,2000,1
302,19,58,2000,1
283,19,58,2000,1
264,19,58,2000,1
245,19,58,2000,1
226,19,58,2000,1
207,19,58,2000,1
188,19,58,2000,0
169,19,58,2000,0
150,19,58,2000,0
131,19,58,1081,0
112,19,58,1062,0
93,19,58,1043,0
74,19,58,1024,0
55,19,58,1005,0
36,19,58,986,0
17,19,58,967,0
-2,19,58,948,0
-21,19,58,929,0
910,19,38,2000,0
891,19,38,2000,0
872,19,38,2000,0
853,19,38,2000,0
834,19,38,2000,0
815,19,38,2000,0
796,19,38,2000,0
777,19,38,2000,0
758,19,38,2000,0
739,19,38,2000,0
720,19,38,2000,0
701,19,38,2000,0
682,19,38,2000,0
663,19,38,2000,0
644,19,38,2000,0
625,19,38,2000,0
606,19,38,2000,0
587,19,38,2000,0
568,19,38,2000,0
549,19,38,2000,0
530,19,38,2000,0
511,19,38,2000,0
492,19,38,2000,0
473,19,38,1081,0
454,19,38,1062,0
435,19,38,1043,0
416,19,38,1024,1
397,19,38,1005,1
378,19,38,986,1
359,19,38,967,1
340,19,38,948,1
321,19,38,929,1
302,19,38,910,1
283,19,38,891,1
264,19,38,872,1
245,19,38,853,0
226,19,38,834,0
207,19,38,815,0
188,19,38,796,0
169,19,38,777,0
150,19,38,758,0
131,19,38,739,0
112,19,38,720,0
93,19,38,701,0
74,19,38,682,0
55,19,38,663,0
36,19,38,644,0
17,19,38,625,0
-2,19,38,606,0
-21,19,38,587,0
-40,19,38,568,0
549,19,38,2000,0
530,19,38,2000,0
511,19,38,2000,0
492,19,38,2000,0
473,19,38,2000,0
454,19,38,2000,0
435,19,38,2000,0
416,19,38,2000,0
397,19,38,2000,1
378,19,38,2000,1
359,19,38,2000,1
340,19,38,2000,1
321,19,38,2000,1
302,19,38,2000,1
283,19,38,2000,1
264,19,38,2000,1
245,19,38,2000,1
226,19,38,2000,0
207,19,38,2000,0
188,19,38,2000,0
169,19,38,2000,0
150,19,38,2000,0
131,19,38,2000,0
112,19,38,2000,0
93,19,38,2000,0
74,19,38,2000,0
55,19,38,2000,0
36,19,38,2000,0
17,19,38,2000,0
-2,19,38,2000,0
-21,19,38,1081,0
-40,19,38,1062,0
1043,19,83,2000,0
1024,19,83,2000,0
1005,19,83,2000,0
986,19,83,2000,0
967,19,83,2000,0
948,19,83,2000,0
929,19,83,2000,0
910,19,83,2000,0
891,19,83,2000,0
872,19,83,2000,0
853,19,83,2000,0
834,19,83,2000,0
815,19,83,2000,0
796,19,83,2000,0
777,19,83,2000,0
758,19,83,2000,0
739,19,83,2000,0
720,19,83,2000,0
701,19,83,2000,0
682,19,83,2000,0
663,19,83,2000,0
644,19,83,2000,0
625,19,83,2000,0
606,19,83,2000,0
587,19,83,2000,0
568,19,83,2000,0
549,19,83,2000,0
530,19,83,2000,0
511,19,83,2000,0
492,19,83,2000,0
473,19,83,2000,0
454,19,83,2000,-1
435,19,83,2000,-1
416,19,83,2000,-1
397,19,83,2000,-1
378,19,83,2000,-1
359,19,83,2000,-1
340,19,83,2000,-1
321,19,83,2000,-1
302,19,83,2000,-1
283,19,83,2000,-1
264,19,83,2000,-1
245,19,83,2000,-1
226,19,83,1081,-1
207,19,83,1062,-1
188,19,83,1043,-1
169,19,83,1024,-1
150,19,83,1005,-1
131,19,83,986,-1
112,19,83,967,-1
93,19,83,948,-1
74,19,83,929,-1
55,19,83,910,-1
36,19,83,891,-1
17,19,83,872,-1
-2,19,83,853,-1
-21,19,83,834,-1
-40,19,83,815,-1
-59,19,83,796,-1
777,19,38,2000,-1
758,19,38,2000,0
739,19,38,2000,0
720,19,38,2000,0
701,19,38,2000,0
682,19,38,2000,0
663,19,38,2000,0
644,19,38,2000,0
625,19,38,2000,0
606,19,38,2000,0
587,19,38,2000,0
568,19,38,2000,0
549,19,38,1081,0
530,19,38,1062,0
511,19,38,1043,0
492,19,38,1024,0
473,19,38,1005,1
454,20,38,986,1
434,20,38,966,1
414,20,38,946,1
394,20,38,926,1
374,20,38,906,1
354,20,38,886,1
334,20,38,866,1
314,20,38,846,1
294,20,38,826,1
274,20,38,806,1
254,20,38,786,1
234,20,38,766,1
214,20,38,746,1
194,20,38,726,1
174,20,38,706,0
154,20,38,686,0
134,20,38,666,0
114,20,38,646,0
94,20,38,626,0
74,20,38,606,0
54,20,38,586,0
34,20,38,566,0
14,20,38,546,0
-6,20,38,526,0
506,20,58,2000,0
486,20,58,2000,0
466,20,58,2000,0
446,20,58,2000,0
426,20,58,2000,0
406,20,58,1080,0
386,20,58,1060,0
366,20,58,1040,1
346,20,58,1020,1
326,20,58,1000,1
306,20,58,980,1
286,20,58,960,1
266,20,58,940,1
246,20,58,920,1
226,20,58,900,1
206,20,58,880,1
186,20,58,860,0
166,20,58,840,0
146,20,58,820,0
126,20,58,800,0
106,20,58,780,0
86,20,58,760,0
66,20,58,740,0
46,20,58,720,0
26,20,58,700,0
6,20,58,680,0
-14,20,58,660,0
-34,20,58,640,0
-54,20,58,620,0
-74,20,58,600,0
580,20,58,2000,0
560,20,58,2000,0
540,20,58,2000,0
520,20,58,2000,0
500,20,58,2000,0
480,20,58,2000,0
460,20,58,2000,0
440,20,58,2000,0
420,20,58,2000,0
400,20,58,2000,0
380,20,58,2000,0
360,20,58,2000,1
340,20,58,2000,1
320,20,58,2000,1
300,20,58,2000,1
280,20,58,2000,1
260,20,58,2000,1
240,20,58,2000,1
220,20,58,2000,1
200,20,58,2000,1
180,20,58,2000,1
160,20,58,1080,0
140,20,58,1060,0
120,20,58,1040,0
100,20,58,1020,0
80,20,58,1000,0
60,20,58,980,0
40,20,58,960,0
20,20,58,940,0
0,20,58,920,0
-20,20,58,900,0
-40,20,58,880,0
-60,20,58,860,0
840,20,38,2000,0
820,20,38,2000,0
800,20,38,2000,0
780,20,38,2000,0
760,20,38,2000,0
740,20,38,2000,0
720,20,38,2000,0
700,20,38,2000,0
680,20,38,2000,0
660,20,38,2000,0
640,20,38,2000,0
620,20,38,2000,0
600,20,38,2000,0
580,20,38,2000,0
560,20,38,2000,0
540,20,38,2000,0
520,20,38,2000,0
500,20,38,2000,0
480,20,38,2000,0
460,20,38,2000,0
440,20,38,2000,0
420,20,38,2000,1
400,20,38,2000,1
380,20,38,2000,1
360,20,38,2000,1
340,20,38,2000,1
320,20,38,2000,1
300,20,38,1080,1
280,20,38,1060,1
260,20,38,1040,1
240,20,38,1020,0
220,20,38,1000,0
200,20,38,980,0
180,20,38,960,0
160,20,38,940,0
140,20,38,920,0
120,20,38,900,0
100,20,38,880,0
80,20,38,860,0
60,20,38,840,0
40,20,38,820,0
20,20,38,800,0
0,20,38,780,0
-20,20,38,760,0
-40,20,38,740,0
-60,20,38,720,0
700,20,38,2000,0
680,20,38,2000,0
660,20,38,2000,0
640,20,38,2000,0
620,20,38,2000,0
600,20,38,2000,0
580,20,38,2000,0
560,20,38,2000,0
540,20,38,1080,0
520,20,38,1060,0
500,20,38,1040,0
480,20,38,1020,0
460,20,38,1000,0
440,20,38,980,0
420,20,38,960,0
400,20,38,940,0
380,20,38,920,0
360,20,38,900,0
340,20,38,880,1
320,20,38,860,1
300,20,38,840,1
280,20,38,820,1
260,20,38,800,1
240,20,38,780,1
220,20,38,760,1
200,20,38,740,1
180,20,38,720,1
160,20,38,700,1
140,20,38,680,1
120,20,38,660,0
100,20,38,640,0
80,20,38,620,0
60,20,38,600,0
40,20,38,580,0
20,20,38,560,0
0,20,38,540,0
-20,20,38,520,0
-40,20,38,500,0
480,20,123,2000,0
460,20,123,2000,0
440,20,123,2000,0
420,20,123,2000,0
400,20,123,2000,0
380,20,123,2000,0
360,20,123,2000,0
340,20,123,2000,0
320,20,123,2000,0
300,20,123,2000,0
280,20,123,2000,0
260,20,123,2000,-1
240,20,123,2000,-1
220,20,123,2000,-1
200,20,123,2000,-1
180,20,123,2000,-1
160,20,123,2000,-1
140,20,123,2000,-1
120,20,123,2000,-1
100,20,123,2000,-1
80,20,123,1080,-1
60,20,123,1060,-1
40,20,123,1040,-1
20,20,123,1020,-1
0,20,123,1000,-1
-20,20,123,980,-1
-40,20,123,960,-1
-60,20,123,940,-1
920,20,83,2000,-1
900,20,83,2000,-1
880,20,83,2000,-1
860,20,83,2000,-1
840,20,83,2000,-1
820,20,83,2000,-1
800,20,83,2000,0
780,20,83,2000,0
760,20,83,2000,0
740,20,83,2000,0
720,20,83,2000,0
700,20,83,2000,0
680,20,83,2000,0
660,20,83,2000,0
640,20,83,2000,0
620,20,83,2000,0
600,20,83,2000,0
580,20,83,2000,0
560,20,83,2000,0
540,20,83,2000,0
520,20,83,2000,0
500,20,83,2000,0
480,20,83,2000,0
460,20,83,2000,0
440,20,83,2000,0
420,20,83,2000,0
400,20,83,2000,0
380,20,83,2000,0
360,20,83,2000,0
340,20,83,2000,0
320,20,83,2000,0
300,20,83,2000,0
280,20,83,2000,0
260,20,83,2000,-1
240,20,83,2000,-1
220,20,83,2000,-1
200,20,83,2000,-1
180,20,83,2000,-1
160,20,83,2000,-1
140,20,83,2000,-1
120,20,83,2000,-1
100,20,83,2000,-1
80,20,83,2000,-1
60,20,83,2000,-1
40,20,83,2000,-1
20,20,83,2000,-1
0,20,83,1080,-1
-20,20,83,1060,-1
-40,20,83,1040,-1
-60,20,83,1020,-1
1000,20,58,2000,-1
980,20,58,2000,-1
960,20,58,2000,-1
940,20,58,2000,-1
920,20,58,2000,-1
900,20,58,2000,-1
880,20,58,2000,-1
860,20,58,2000,-1
840,20,58,2000,-1
820,20,58,2000,0
800,20,58,2000,0
780,20,58,2000,0
760,20,58,2000,0
740,20,58,2000,0
720,20,58,2000,0
700,20,58,2000,0
680,20,58,2000,0
660,20,58,2000,0
640,20,58,2000,0
620,20,58,2000,0
600,20,58,2000,0
580,20,58,2000,0
560,20,58,2000,0
540,20,58,2000,0
520,20,58,2000,0
500,20,58,2000,0
480,20,58,2000,0
460,20,58,2000,0
440,20,58,2000,0
420,20,58,2000,0
400,20,58,2000,0
380,20,58,2000,0
360,20,58,2000,1
340,20,58,2000,1
320,20,58,2000,1
300,20,58,2000,1
280,20,58,2000,1
260,20,58,2000,1
240,20,58,2000,1
220,20,58,2000,1
200,20,58,2000,1
180,20,58,2000,0
160,20,58,2000,0
140,20,58,2000,0
120,20,58,2000,0
100,20,58,2000,0
80,20,58,2000,0
60,20,58,2000,0
40,20,58,2000,0
20,20,58,2000,0
0,20,58,2000,0
-20,20,58,1080,0
1060,20,38,2000,0
1040,20,38,2000,0
1020,20,38,2000,0
1000,20,38,2000,0
980,20,38,2000,0
960,20,38,2000,0
940,20,38,2000,0
920,20,38,2000,0
900,20,38,2000,0
880,20,38,2000,0
860,20,38,2000,0
840,20,38,2000,0
820,20,38,2000,0
800,20,38,2000,0
780,20,38,2000,0
760,20,38,2000,0
740,20,38,2000,0
720,20,38,2000,0
700,20,38,2000,0
680,20,38,2000,0
660,20,38,2000,0
640,20,38,2000,0
620,20,38,2000,0
600,20,38,2000,0
580,20,38,2000,0
560,20,38,2000,0
540,20,38,2000,0
520,20,38,2000,0
500,20,38,2000,0
480,20,38,2000,0
460,20,38,2000,0
440,20,38,2000,1
420,20,38,2000,1
400,20,38,2000,1
380,20,38,2000,1
360,20,38,2000,1
340,20,38,2000,1
320,20,38,2000,1
300,20,38,2000,1
280,20,38,2000,1
260,20,38,2000,1
240,20,38,2000,0
220,20,38,2000,0
200,20,38,2000,0
180,20,38,2000,0
160,20,38,2000,0
140,20,38,2000,0
120,20,38,2000,0
100,20,38,2000,0
80,20,38,2000,0
60,20,38,2000,0
40,20,38,2000,0
20,20,38,1080,0
0,20,38,1060,0
-20,20,38,1040,0
-40,20,38,1020,0
1000,20,38,2000,0
980,20,38,2000,0
960,20,38,2000,0
940,20,38,2000,0
920,20,38,2000,0
900,20,38,2000,0
880,20,38,2000,0
860,20,38,2000,0
840,20,38,2000,0
820,20,38,2000,0
800,20,38,2000,0
780,20,38,2000,0
760,20,38,2000,0
740,20,38,2000,0
720,20,38,2000,0
700,20,38,2000,0
680,20,38,2000,0
660,20,38,2000,0
640,20,38,2000,0
620,20,38,2000,0
600,20,38,2000,0
580,20,38,2000,0
560,20,38,2000,0
540,20,38,2000,0
520,20,38,1080,0
500,20,38,1060,0
480,20,38,1040,0
460,20,38,1020,0
440,20,38,1000,0
420,20,38,980,1
400,20,38,960,1
380,20,38,940,1
360,20,38,920,1
340,20,38,900,1
320,20,38,880,1
300,20,38,860,1
280,20,38,840,1
260,20,38,820,1
240,20,38,800,1
220,20,38,780,1
200,20,38,760,0
180,20,38,740,0
160,20,38,720,0
140,21,38,700,0
119,21,38,679,0
98,21,38,658,0
77,21,38,637,0
56,21,38,616,0
35,21,38,595,0
14,21,38,574,0
-7,21,38,553,0
532,21,38,2000,0
511,21,38,2000,0
490,21,38,2000,0
469,21,38,2000,0
448,21,38,2000,0
427,21,38,2000,0
406,21,38,2000,0
385,21,38,2000,0
364,21,38,2000,0
343,21,38,2000,0
322,21,38,2000,0
301,21,38,2000,0
280,21,38,2000,0
259,21,38,2000,0
238,21,38,2000,1
217,21,38,2000,1
196,21,38,2000,1
175,21,38,2000,1
154,21,38,2000,1
133,21,38,2000,1
112,21,38,2000,1
91,21,38,2000,1
70,21,38,1079,1
49,21,38,1058,1
28,21,38,1037,0
7,21,38,1016,0
-14,21,38,995,0
974,21,38,2000,0
953,21,38,2000,0
932,21,38,2000,0
911,21,38,2000,0
890,21,38,2000,0
869,21,38,2000,0
848,21,38,2000,0
827,21,38,2000,0
806,21,38,2000,0
785,21,38,2000,0
764,21,38,2000,0
743,21,38,2000,0
722,21,38,2000,0
701,21,38,2000,0
680,21,38,2000,0
659,21,38,2000,0
638,21,38,2000,0
617,21,38,2000,0
596,21,38,2000,0
575,21,38,2000,0
554,21,38,2000,0
533,21,38,2000,0
512,21,38,2000,0
491,21,38,2000,0
470,21,38,2000,1
449,21,38,2000,1
428,21,38,2000,1
407,21,38,2000,1
386,21,38,2000,1
365,21,38,2000,1
344,21,38,1079,1
323,21,38,1058,1
302,21,38,1037,1
281,21,38,1016,1
260,21,38,995,1
239,21,38,974,0
218,21,38,953,0
197,21,38,932,0
176,21,38,911,0
155,21,38,890,0
134,21,38,869,0
113,21,38,848,0
92,21,38,827,0
71,21,38,806,0
50,21,38,785,0
29,21,38,764,0
8,21,38,743,0
-13,21,38,722,0
-34,21,38,701,0
680,21,38,2000,0
659,21,38,2000,0
638,21,38,2000,0
617,21,38,2000,0
596,21,38,2000,0
575,21,38,2000,0
554,21,38,2000,0
533,21,38,2000,0
512,21,38,2000,1
491,21,38,2000,1
470,21,38,2000,1
449,21,38,2000,1
428,21,38,2000,1
407,21,38,2000,1
386,21,38,2000,1
365,21,38,2000,1
344,21,38,2000,1
323,21,38,2000,1
302,21,38,2000,1
281,21,38,2000,0
260,21,38,2000,0
239,21,38,2000,0
218,21,38,2000,0
197,21,38,2000,0
176,21,38,2000,0
155,21,38,2000,0
134,21,38,2000,0
113,21,38,2000,0
92,21,38,2000,0
71,21,38,2000,0
50,21,38,2000,0
29,21,38,2000,0
8,21,38,2000,0
-13,21,38,2000,0
-34,21,38,1079,0
-55,21,38,1058,0
-76,21,38,1037,0
1016,21,58,2000,0
995,21,58,2000,0
974,21,58,2000,0
953,21,58,2000,0
932,21,58,2000,0
911,21,58,2000,0
890,21,58,2000,0
869,21,58,2000,0
848,21,58,2000,0
827,21,58,2000,0
806,21,58,2000,0
785,21,58,2000,0
764,21,58,2000,0
743,21,58,2000,0
722,21,58,2000,0
701,21,58,2000,0
680,21,58,2000,0
659,21,58,2000,0
638,21,58,2000,0
617,21,58,2000,0
596,21,58,2000,0
575,21,58,2000,0
554,21,58,2000,1
533,21,58,2000,1
512,21,58,2000,1
491,21,58,2000,1
470,21,58,2000,1
449,21,58,2000,1
428,21,58,2000,1
407,21,58,2000,1
386,21,58,2000,1
365,21,58,2000,1
344,21,58,2000,1
323,21,58,2000,1
302,21,58,2000,1
281,21,58,2000,1
260,21,58,2000,0
239,21,58,2000,0
218,21,58,2000,0
197,21,58,2000,0
176,21,58,2000,0
155,21,58,2000,0
134,21,58,2000,0
113,21,58,2000,0
92,21,58,2000,0
71,21,58,2000,0
50,21,58,2000,0
29,21,58,1079,0
8,21,58,1058,0
-13,21,58,1037,0
-34,21,58,1016,0
-55,21,58,995,0
-76,21,58,974,0
953,21,38,2000,0
932,21,38,2000,0
911,21,38,2000,0
890,21,38,2000,0
869,21,38,2000,0
848,21,38,2000,0
827,21,38,2000,0
806,21,38,2000,0
785,21,38,2000,0
764,21,38,2000,0
743,21,38,2000,0
722,21,38,2000,0
701,21,38,2000,0
680,21,38,2000,0
659,21,38,2000,0
638,21,38,2000,0
617,21,38,2000,0
596,21,38,2000,0
575,21,38,2000,0
554,21,38,2000,0
533,21,38,2000,0
512,21,38,2000,0
491,21,38,2000,0
470,21,38,2000,1
449,21,38,2000,1
428,21,38,2000,1
407,21,38,2000,1
386,21,38,2000,1
365,21,38,2000,1
344,21,38,2000,1
323,21,38,2000,1
302,21,38,2000,1
281,21,38,2000,1
260,21,38,2000,0
239,21,38,2000,0
218,21,38,2000,0
197,21,38,1079,0
176,21,38,1058,0
155,21,38,1037,0
134,21,38,1016,0
113,21,38,995,0
92,21,38,974,0
71,21,38,953,0
50,21,38,932,0
29,21,38,911,0
8,21,38,890,0
-13,21,38,869,0
-34,21,38,848,0
827,21,38,2000,0
806,21,38,2000,0
785,21,38,2000,0
764,21,38,2000,0
743,21,38,2000,0
722,21,38,2000,0
701,21,38,2000,0
680,21,38,2000,0
659,21,38,2000,0
638,21,38,2000,0
617,21,38,2000,0
596,21,38,2000,0
575,21,38,2000,0
554,21,38,2000,0
533,21,38,2000,0
512,21,38,2000,0
491,21,38,2000,1
470,21,38,2000,1
449,21,38,2000,1
428,21,38,2000,1
407,21,38,2000,1
386,21,38,2000,1
365,21,38,2000,1
344,21,38,2000,1
323,21,38,2000,1
302,21,38,2000,1
281,21,38,2000,1
260,21,38,2000,0
239,21,38,2000,0
218,21,38,2000,0
197,21,38,2000,0
176,21,38,2000,0
155,21,38,2000,0
134,21,38,2000,0
113,21,38,2000,0
92,21,38,2000,0
71,21,38,2000,0
50,21,38,2000,0
29,21,38,2000,0
8,21,38,1079,0
-13,21,38,1058,0
-34,21,38,1037,0
1016,21,58,2000,0
995,21,58,2000,0
974,21,58,2000,0
953,21,58,2000,0
932,21,58,2000,0
911,21,58,2000,0
890,21,58,2000,0
869,21,58,2000,0
848,21,58,2000,0
827,21,58,2000,0
806,21,58,2000,0
785,21,58,2000,0
764,21,58,2000,0
743,21,58,2000,0
722,21,58,2000,0
701,21,58,2000,0
680,21,58,2000,0
659,21,58,2000,0
638,21,58,2000,0
617,21,58,2000,0
596,21,58,2000,0
575,21,58,2000,0
554,21,58,2000,0
533,21,58,2000,1
512,21,58,2000,1
491,21,58,2000,1
470,21,58,1079,1
449,21,58,1058,1
428,21,58,1037,1
407,21,58,1016,1
386,21,58,995,1
365,21,58,974,1
344,21,58,953,1
323,21,58,932,1
302,21,58,911,1
281,21,58,890,1
260,21,58,869,1
239,21,58,848,1
218,21,58,827,1
197,21,58,806,0
176,21,58,785,0
155,21,58,764,0
134,21,58,743,0
113,21,58,722,0
92,21,58,701,0
71,21,58,680,0
50,21,58,659,0
29,21,58,638,0
8,21,58,617,0
-13,21,58,596,0
-34,21,58,575,0
554,21,123,2000,0
533,21,123,2000,0
512,21,123,2000,0
491,21,123,2000,0
470,21,123,2000,0
449,21,123,2000,0
428,21,123,2000,0
407,21,123,2000,0
386,21,123,2000,0
365,21,123,2000,0
344,21,123,2000,0
323,21,123,2000,0
302,21,123,2000,0
281,21,123,2000,-1
260,21,123,2000,1
239,21,123,2000,1
218,21,123,2000,1
197,21,123,2000,1
