1500.0,10.0,0.0,2000.0538018027682,0.0
1090.0,10.0,38.0,2000.1664424843527,0.0
1080.0,10.0,38.0,2000.7165277092856,0.0
1070.0,10.0,38.0,2000.791654711565,0.0
1060.0,10.0,38.0,2000.2978221976325,0.0
1050.0,10.0,38.0,2000.329687688237,0.0
1040.0,10.0,38.0,2000.0887302827675,0.0
1030.0,10.0,38.0,2000.6086643625126,0.0
1020.0,10.0,38.0,2000.7352155749063,0.0
1010.0,10.0,38.0,2000.245926687218,0.0
1000.0,10.0,38.0,2000.3297454328858,0.0
990.0,10.0,38.0,2000.1823331149203,0.0
980.0,10.0,38.0,2000.2348637135033,0.0
970.0,10.0,38.0,2000.131865284859,0.0
960.0,10.0,38.0,2000.2454145335366,0.0
950.0,10.0,38.0,2000.2334824766149,0.0
940.0,10.0,38.0,2000.4148171874367,0.0
930.0,10.0,38.0,2000.2042036183775,0.0
920.0,10.0,38.0,2000.9116888368412,0.0
910.0,10.0,38.0,2000.4361426261385,-1.0
900.0,10.0,38.0,2000.687076808227,-1.0
890.0,10.0,38.0,2000.4237826701165,-1.0
880.0,10.0,38.0,2000.4048399840442,-1.0
870.0,10.0,38.0,2000.687730671463,-1.0
860.0,10.0,38.0,2000.9825365288787,-1.0
850.0,10.0,38.0,2000.195836816468,-1.0
840.0,10.0,38.0,2000.2800806718947,-1.0
830.0,10.0,38.0,2000.7666885624249,-1.0
820.0,10.0,38.0,2000.5884060289166,-1.0
810.0,10.0,38.0,2000.997652867753,-1.0
800.0,10.0,38.0,2000.3190861234966,-1.0
790.0,10.0,38.0,2000.0260637648107,-1.0
780.0,10.0,38.0,2000.7397441937756,-1.0
770.0,10.0,38.0,2000.40816323986,-1.0
760.0,10.0,38.0,2000.532360327969,-1.0
750.0,10.0,38.0,2000.497826542406,-1.0
740.0,10.0,38.0,2000.6908162736163,-1.0
730.0,10.0,38.0,2000.1232901272563,-1.0
720.0,10.0,38.0,2000.0826373552604,-1.0
710.0,10.0,38.0,2000.0049884730001,-1.0
700.0,10.0,38.0,2000.351382941731,-1.0
690.0,10.0,38.0,2000.8462831699671,-1.0
680.0,10.0,38.0,2000.5254606521335,-1.0
670.0,10.0,38.0,2000.441752298973,-1.0
660.0,10.0,38.0,2000.3027284115228,-1.0
650.0,10.0,38.0,2000.6415536852535,-1.0
640.0,10.0,38.0,2000.9398768447654,-1.0
630.0,10.0,38.0,2000.3463909790576,-1.0
620.0,10.0,38.0,2000.8481683267762,-1.0
610.0,10.0,38.0,2000.2923024916922,-1.0
600.0,10.0,38.0,2000.9029150041367,-1.0
590.0,10.0,38.0,2000.2852883873425,-1.0
580.0,10.0,38.0,2000.3285935533665,-1.0
570.0,10.0,38.0,2000.018386007929,-1.0
560.0,10.0,38.0,2000.1567514308222,-1.0
550.0,10.0,38.0,2000.5013042561754,-1.0
540.0,10.0,38.0,2000.8652623366113,-1.0
530.0,10.0,38.0,2000.000881553518,-1.0
520.0,10.0,38.0,2000.9057044256801,-1.0
510.0,10.0,38.0,2000.7194912141272,-1.0
500.0,10.0,38.0,2000.878400299717,-1.0
490.0,10.0,38.0,2000.5499093706676,-1.0
480.0,10.0,38.0,2000.2251143032283,-1.0
470.0,10.0,38.0,2000.4486398382387,-1.0
460.0,10.0,38.0,2000.693530407621,-1.0
450.0,10.0,38.0,2000.7884047527336,-1.0
440.0,10.0,38.0,2000.9724517439192,-1.0
430.0,10.0,38.0,2000.4032684943368,-1.0
420.0,10.0,38.0,2000.54648831378,-1.0
410.0,10.0,38.0,2000.2296559666518,-1.0
400.0,10.0,38.0,2000.3110051722374,-1.0
390.0,10.0,38.0,2000.6867991520862,-1.0
380.0,10.0,38.0,2000.0060282382194,-1.0
370.0,10.0,38.0,2000.028838639797,-1.0
360.0,10.0,38.0,2000.0448521017308,0.0
350.0,10.0,38.0,2000.5978328991828,0.0
340.0,10.0,38.0,2000.4813797503323,0.0
330.0,10.0,38.0,1090.0462114150912,0.0
320.0,10.0,38.0,1080.7557452805695,0.0
310.0,10.0,38.0,1070.4055308531238,0.0
300.0,10.0,38.0,1060.1187600891776,0.0
290.0,10.0,38.0,1050.070575282488,0.0
280.0,10.0,38.0,1040.7808775309209,0.0
270.0,10.0,38.0,1030.7462886170508,1.0
260.0,10.0,38.0,1020.6088741454968,1.0
250.0,10.0,38.0,1010.667418417703,1.0
240.0,10.0,38.0,1000.5948189791646,1.0
230.0,10.0,38.0,990.6017170381467,1.0
220.0,10.0,38.0,980.101468003311,1.0
210.0,10.0,38.0,970.4053441015129,1.0
200.0,10.0,38.0,960.933160211399,1.0
190.0,10.0,38.0,950.2324412344713,1.0
180.0,10.0,38.0,940.5996712952785,1.0
170.0,10.0,38.0,930.5417634738195,1.0
160.0,10.0,38.0,920.2803629658126,1.0
150.0,10.0,38.0,910.0894597395745,1.0
140.0,10.0,38.0,900.6089790582063,1.0
130.0,10.0,38.0,890.8710552639814,1.0
120.0,10.0,38.0,880.7969831369924,1.0
110.0,10.0,38.0,870.9684741637026,1.0
100.0,10.0,38.0,860.6081331243262,1.0
90.0,10.0,38.0,850.2405989621614,1.0
80.0,10.0,38.0,840.9293655000965,0.0
70.0,10.0,38.0,830.0995079794707,0.0
60.0,10.0,38.0,820.1648621176578,0.0
50.0,10.0,38.0,810.7404354090589,0.0
40.0,10.0,38.0,800.8924674071936,0.0
30.0,10.0,38.0,790.0762739181978,0.0
20.0,10.0,38.0,780.4905200959049,0.0
10.0,10.0,38.0,770.7205292229708,0.0
0.0,10.0,38.0,760.1701798768183,-1.0
-10.0,10.0,38.0,750.7860647406046,-1.0
-20.0,10.0,38.0,740.2023424889923,-1.0
730.0,10.0,38.0,2000.224159789017,-1.0
720.0,10.0,38.0,2000.2544842844034,-1.0
710.0,10.0,38.0,2000.857647459865,-1.0
700.0,10.0,38.0,2000.6741873016604,-1.0
690.0,10.0,38.0,2000.771268213206,-1.0
680.0,10.0,38.0,2000.180167240694,-1.0
670.0,10.0,38.0,2000.0527801890032,-1.0
660.0,10.0,38.0,2000.931222455426,-1.0
650.0,10.0,38.0,2000.3624620321034,-1.0
640.0,10.0,38.0,2000.2636202347144,-1.0
630.0,10.0,38.0,2000.144370854076,-1.0
620.0,10.0,38.0,2000.2240054734496,-1.0
610.0,10.0,38.0,2000.568396066491,-1.0
600.0,10.0,38.0,2000.3425508871992,-1.0
590.0,10.0,38.0,2000.9729211222862,-1.0
580.0,10.0,38.0,2000.155349571831,-1.0
570.0,10.0,38.0,2000.7230349027388,-1.0
560.0,10.0,38.0,2000.455166157238,-1.0
550.0,10.0,38.0,2000.086889023885,-1.0
540.0,10.0,38.0,2000.8464264531851,-1.0
530.0,10.0,38.0,2000.6666701433196,-1.0
520.0,10.0,38.0,2000.3485238924843,-1.0
510.0,10.0,38.0,2000.9259037305465,-1.0
500.0,10.0,38.0,2000.546051330274,-1.0
490.0,10.0,38.0,2000.2144332567937,-1.0
480.0,10.0,38.0,2000.3110518930293,-1.0
470.0,10.0,38.0,2000.980928002781,-1.0
460.0,10.0,38.0,2000.6086009879184,-1.0
450.0,10.0,38.0,2000.9117581704693,-1.0
440.0,10.0,38.0,2000.3084519779738,-1.0
430.0,10.0,38.0,2000.332380145812,-1.0
420.0,10.0,38.0,2000.7077460902492,-1.0
410.0,10.0,38.0,2000.6468869105563,-1.0
400.0,10.0,38.0,2000.7022653170186,-1.0
390.0,10.0,38.0,2000.2146870452582,-1.0
380.0,10.0,38.0,2000.1712552733966,-1.0
370.0,10.0,38.0,2000.3838896503405,-1.0
360.0,10.0,38.0,2000.5671224738087,-1.0
350.0,10.0,38.0,2000.6580537596985,-1.0
340.0,10.0,38.0,2000.0865340230034,-1.0
330.0,10.0,38.0,2000.822086933719,0.0
320.0,10.0,38.0,2000.5687997685568,0.0
310.0,10.0,38.0,2000.9089084380084,0.0
300.0,10.0,38.0,2000.1548364963867,0.0
290.0,10.0,38.0,2000.835172980713,0.0
280.0,10.0,38.0,2000.3693115305548,0.0
270.0,10.0,38.0,2000.1429778603206,0.0
260.0,10.0,38.0,2000.4712825254214,0.0
250.0,10.0,38.0,2000.848964403394,1.0
240.0,10.0,38.0,2000.9854081182132,1.0
230.0,10.0,38.0,1090.5548578138214,1.0
220.0,10.0,38.0,1080.727954677236,1.0
210.0,10.0,38.0,1070.906907155558,1.0
200.0,10.0,38.0,1060.9501731548246,1.0
190.0,10.0,38.0,1050.5254112376983,1.0
180.0,10.0,38.0,1040.361091915611,1.0
170.0,10.0,38.0,1030.8257778089496,1.0
160.0,10.0,38.0,1020.2062015420704,1.0
150.0,10.0,38.0,1010.7670711693664,1.0
140.0,10.0,38.0,1000.2600187261655,1.0
130.0,10.0,38.0,990.2111151380302,1.0
120.0,10.0,38.0,980.6962928220895,1.0
110.0,10.0,38.0,970.6896960821056,1.0
100.0,10.0,38.0,960.2314564932976,1.0
90.0,10.0,38.0,950.038136459837,1.0
80.0,10.0,38.0,940.8191935842287,1.0
70.0,10.0,38.0,930.817324927467,1.0
60.0,10.0,38.0,920.9728031685308,1.0
50.0,10.0,38.0,910.1082694857582,1.0
40.0,10.0,38.0,900.7760251883564,0.0
30.0,10.0,38.0,890.9360663723311,0.0
20.0,10.0,38.0,880.678716343107,0.0
10.0,10.0,38.0,870.4512368350736,0.0
0.0,10.0,38.0,860.1540148747541,0.0
-10.0,10.0,38.0,850.420886533975,-1.0
-20.0,10.0,38.0,840.613038125664,-1.0
830.0,10.0,38.0,2000.648384575086,-1.0
820.0,10.0,38.0,2000.8195545270592,-1.0
810.0,10.0,38.0,2000.234616815426,-1.0
800.0,10.0,38.0,2000.569384308019,-1.0
790.0,10.0,38.0,2000.4213296540597,-1.0
780.0,10.0,38.0,2000.872217811148,-1.0
770.0,10.0,38.0,2000.8705498840636,-1.0
760.0,10.0,38.0,2000.593922720522,-1.0
750.0,10.0,38.0,2000.8058771913545,-1.0
740.0,10.0,38.0,2000.268372540856,-1.0
730.0,10.0,38.0,2000.3745977120361,-1.0
720.0,10.0,38.0,2000.5548464870562,-1.0
710.0,10.0,38.0,2000.6182912442584,-1.0
700.0,10.0,38.0,2000.2404143437266,-1.0
690.0,10.0,38.0,2000.9708112813857,-1.0
680.0,10.0,38.0,2000.816270054784,-1.0
670.0,10.0,38.0,2000.8696978335147,-1.0
660.0,10.0,38.0,2000.6635216243642,-1.0
650.0,10.0,38.0,2000.5457765233455,-1.0
640.0,10.0,38.0,2000.351213273952,-1.0
630.0,10.0,38.0,2000.9225793395667,-1.0
620.0,10.0,38.0,2000.502396150225,-1.0
610.0,10.0,38.0,2000.1317447511374,-1.0
600.0,10.0,38.0,2000.4223589448688,-1.0
590.0,10.0,38.0,2000.0408648444231,-1.0
580.0,10.0,38.0,2000.0394031533133,-1.0
570.0,10.0,38.0,2000.8478269007765,-1.0
560.0,10.0,38.0,2000.2170817005895,-1.0
550.0,10.0,38.0,2000.8626102765843,-1.0
540.0,10.0,38.0,1090.9288092650454,-1.0
530.0,10.0,38.0,1080.5853319080722,-1.0
520.0,10.0,38.0,1070.024928591629,-1.0
510.0,10.0,38.0,1060.8371531865778,-1.0
500.0,10.0,38.0,1050.4033566335652,-1.0
490.0,10.0,38.0,1040.719502563243,-1.0
480.0,10.0,38.0,1030.2598178952644,-1.0
470.0,10.0,38.0,1020.2151901314522,-1.0
460.0,10.0,38.0,1010.3320847581041,-1.0
450.0,10.0,38.0,1000.5383705274311,-1.0
440.0,10.0,38.0,990.2173102815541,-1.0
430.0,10.0,38.0,980.5371550231783,-1.0
420.0,10.0,38.0,970.9881264629015,-1.0
410.0,10.0,38.0,960.7122714976429,-1.0
400.0,10.0,38.0,950.2027154099354,-1.0
390.0,10.0,38.0,940.0923465770958,-1.0
380.0,10.0,38.0,930.1446785209289,-1.0
370.0,10.0,38.0,920.6725522813749,-1.0
360.0,10.0,38.0,910.6694727973154,-1.0
350.0,10.0,38.0,900.3242542488858,-1.0
340.0,10.0,38.0,890.6833982129473,-1.0
330.0,10.0,38.0,880.0741087016395,-1.0
320.0,10.0,38.0,870.1014693173679,-1.0
310.0,10.0,38.0,860.8786259416594,-1.0
300.0,10.0,38.0,850.5127029431459,-1.0
290.0,10.0,38.0,840.3094985321019,-1.0
280.0,10.0,38.0,830.6062142081242,0.0
270.0,10.0,38.0,820.4616963193135,0.0
260.0,10.0,38.0,810.4251092342555,0.0
250.0,10.0,38.0,800.4789830730418,0.0
240.0,10.0,38.0,790.322400517692,0.0
230.0,10.0,38.0,780.8842315107834,0.0
220.0,10.0,38.0,770.359326181585,1.0
210.0,10.0,38.0,760.6536351460794,1.0
200.0,10.0,38.0,750.6634187969087,1.0
190.0,10.0,38.0,740.9715668488758,1.0
180.0,10.0,38.0,730.2418538318914,1.0
170.0,10.0,38.0,720.2283446021719,1.0
160.0,10.0,38.0,710.7793816288907,1.0
150.0,10.0,38.0,700.1231736078431,1.0
140.0,10.0,38.0,690.8304923313051,1.0
130.0,10.0,38.0,680.2015362648161,1.0
120.0,10.0,38.0,670.1050513874638,1.0
110.0,10.0,38.0,660.6492916340615,1.0
100.0,10.0,38.0,650.6276483840886,1.0
90.0,10.0,38.0,640.4720682873038,1.0
80.0,10.0,38.0,630.9251253121952,1.0
70.0,10.0,38.0,620.1972708278124,1.0
60.0,10.0,38.0,610.8344451648624,1.0
50.0,10.0,38.0,600.6716643973327,1.0
40.0,10.0,38.0,590.813004010924,0.0
30.0,10.0,38.0,2000.3811664799207,0.0
20.0,10.0,38.0,2000.012718120798,0.0
10.0,10.0,38.0,2000.3220297138732,0.0
0.0,10.0,38.0,2000.919847645175,0.0
-10.0,10.0,38.0,2000.7399987123263,0.0
-20.0,10.0,38.0,2000.879762605855,0.0
-30.0,10.0,38.0,2000.054156544239,0.0
-40.0,10.0,38.0,2000.0973761772814,0.0
500.0,10.0,58.0,1010.4589825329533,-1.0
490.0,10.0,58.0,1000.3792049165125,-1.0
480.0,10.0,58.0,990.3589566409606,-1.0
470.0,10.0,58.0,980.2232470430554,-1.0
460.0,10.0,58.0,970.3731039334608,-1.0
450.0,10.0,58.0,960.6982071280997,-1.0
440.0,10.0,58.0,950.7163233456862,-1.0
430.0,10.0,58.0,940.8169747972083,-1.0
420.0,10.0,58.0,930.2413379074142,-1.0
410.0,10.0,58.0,920.2576937668059,-1.0
400.0,10.0,58.0,910.350750504323,-1.0
390.0,10.0,58.0,900.3180762229807,-1.0
380.0,10.0,58.0,890.2999541052043,-1.0
370.0,10.0,58.0,880.5410873941083,-1.0
360.0,10.0,58.0,870.1340724504441,-1.0
350.0,10.0,58.0,860.0904896607618,-1.0
340.0,10.0,58.0,850.5645211894982,0.0
330.0,10.0,58.0,840.4959300665845,0.0
320.0,10.0,58.0,830.6156142091197,0.0
310.0,10.0,58.0,820.5669239035443,0.0
300.0,10.0,58.0,810.9782170110285,0.0
290.0,10.0,58.0,800.9332319037682,0.0
280.0,10.0,58.0,790.1797676637308,0.0
270.0,10.0,58.0,780.0134543300663,0.0
260.0,10.0,58.0,770.7776865726967,0.0
250.0,10.0,58.0,760.4680805484313,0.0
240.0,10.0,58.0,750.2583401337733,1.0
230.0,10.0,58.0,740.4492150622738,1.0
220.0,10.0,58.0,730.1415872518536,1.0
210.0,10.0,58.0,720.539965971446,1.0
200.0,10.0,58.0,710.8312487685843,1.0
190.0,10.0,58.0,700.7018742652899,1.0
180.0,10.0,58.0,690.4691513378918,1.0
170.0,10.0,58.0,680.0921223462093,1.0
160.0,10.0,58.0,670.6697435608872,1.0
150.0,10.0,58.0,660.6369843821035,1.0
140.0,10.0,58.0,650.0106095567421,1.0
130.0,10.0,58.0,640.5854228528698,1.0
120.0,10.0,58.0,630.0455377299984,1.0
110.0,10.0,58.0,620.6855398004275,1.0
100.0,10.0,58.0,610.18847985346,1.0
90.0,10.0,58.0,600.1542185965358,1.0
80.0,10.0,58.0,590.2692164551621,1.0
70.0,10.0,58.0,580.2573465345845,1.0
60.0,10.0,58.0,570.3360689766345,0.0
50.0,10.0,58.0,560.5545543108843,0.0
40.0,10.0,58.0,550.4170603558915,0.0
30.0,10.0,58.0,540.796597276028,0.0
20.0,10.0,58.0,2000.1933068494018,0.0
10.0,10.0,58.0,2000.1021603466431,0.0
0.0,10.0,58.0,2000.4207986461854,0.0
-10.0,10.0,58.0,2000.885338237502,0.0
-20.0,10.0,58.0,2000.6550370744042,0.0
-30.0,10.0,58.0,2000.0015929804329,-1.0
470.0,10.0,58.0,1030.3559768277128,-1.0
460.0,10.0,58.0,1020.393993066447,-1.0
450.0,10.0,58.0,1010.4911254499605,-1.0
440.0,10.0,58.0,1000.9091990871458,-1.0
430.0,10.0,58.0,990.0165637693498,-1.0
420.0,10.0,58.0,980.3811125032221,-1.0
410.0,10.0,58.0,970.0150216392457,-1.0
400.0,10.0,58.0,960.5244216895276,-1.0
390.0,10.0,58.0,950.1824202896472,-1.0
380.0,10.0,58.0,940.7420454739248,-1.0
370.0,10.0,58.0,930.1851381360682,-1.0
360.0,10.0,58.0,920.214500009356,-1.0
350.0,10.0,58.0,910.9226734884693,-1.0
340.0,10.0,58.0,900.8210714471238,-1.0
330.0,10.0,58.0,890.2730774263592,-1.0
320.0,10.0,58.0,880.3630874112794,-1.0
310.0,10.0,58.0,870.8490440357884,-1.0
300.0,10.0,58.0,860.1806877543195,-1.0
290.0,10.0,58.0,850.6075000828612,-1.0
280.0,10.0,58.0,840.3331230283501,-1.0
270.0,10.0,58.0,830.0336072584302,0.0
260.0,10.0,58.0,820.7892825434328,0.0
250.0,10.0,58.0,810.4768167380121,0.0
240.0,10.0,58.0,800.2144827010385,0.0
230.0,10.0,58.0,790.0696805838797,0.0
220.0,10.0,58.0,780.9533913414122,1.0
210.0,10.0,58.0,770.290425133978,1.0
200.0,10.0,58.0,760.7151842049542,1.0
190.0,10.0,58.0,750.7255515261924,1.0
180.0,10.0,58.0,740.565688967279,1.0
170.0,10.0,58.0,730.0567335155561,1.0
160.0,10.0,58.0,720.3700949949211,1.0
150.0,10.0,58.0,710.385053198613,1.0
140.0,10.0,58.0,700.6727254418944,1.0
130.0,10.0,58.0,690.3660556303033,1.0
120.0,10.0,58.0,680.3602265455665,1.0
110.0,10.0,58.0,670.0168155488022,1.0
100.0,10.0,58.0,660.5513099127597,1.0
90.0,10.0,58.0,650.5877019725881,1.0
80.0,10.0,58.0,640.3318022806786,1.0
70.0,10.0,58.0,630.7295492879313,1.0
60.0,10.0,58.0,620.95930637845,1.0
50.0,10.0,58.0,610.7256848915538,1.0
40.0,10.0,58.0,600.468550199888,1.0
30.0,10.0,58.0,590.973703163552,1.0
20.0,10.0,58.0,580.7346685021759,0.0
10.0,10.0,58.0,570.989985815533,0.0
0.0,10.0,58.0,560.4138737270184,0.0
-10.0,10.0,58.0,2000.4552863736506,0.0
-20.0,10.0,58.0,2000.2961178998426,0.0
-30.0,10.0,58.0,2000.7941116107672,0.0
-40.0,10.0,58.0,2000.1577184806806,0.0
-50.0,10.0,58.0,2000.9269778845053,0.0
-60.0,10.0,58.0,2000.9762708292433,-1.0
-70.0,10.0,58.0,2000.2595120345932,-1.0
480.0,10.0,38.0,1020.618228359052,-1.0
470.0,10.0,38.0,1010.7326629203526,-1.0
460.0,10.0,38.0,1000.1330577738702,-1.0
450.0,10.0,38.0,990.8409509924616,-1.0
440.0,10.0,38.0,980.9389256003042,-1.0
430.0,10.0,38.0,970.84395284399,-1.0
420.0,10.0,38.0,960.6840519583623,-1.0
410.0,10.0,38.0,950.3605786345802,-1.0
400.0,10.0,38.0,940.0567262113186,-1.0
390.0,10.0,38.0,930.5401366439328,-1.0
380.0,10.0,38.0,920.2584440508549,-1.0
370.0,10.0,38.0,910.8913550297807,-1.0
360.0,10.0,38.0,900.5688281956476,-1.0
350.0,10.0,38.0,890.5393053417675,-1.0
340.0,11.0,38.0,880.7135774437562,-1.0
329.0,11.0,38.0,869.6331243030903,-1.0
318.0,11.0,38.0,858.3732892854399,-1.0
307.0,11.0,38.0,847.904828970131,0.0
296.0,11.0,38.0,836.0244461848646,0.0
285.0,11.0,38.0,825.6796790730765,0.0
274.0,11.0,38.0,814.2278709562145,0.0
263.0,11.0,38.0,803.2662740342898,0.0
252.0,11.0,38.0,792.9399087414663,0.0
241.0,11.0,38.0,781.7269476438053,1.0
230.0,11.0,38.0,770.7731759882189,1.0
219.0,11.0,38.0,759.3666506905807,1.0
208.0,11.0,38.0,748.5189297396735,1.0
197.0,11.0,38.0,737.3371212022195,1.0
186.0,11.0,38.0,726.2440253225456,1.0
175.0,11.0,38.0,715.8570219131043,1.0
164.0,11.0,38.0,704.0932028019828,1.0
153.0,11.0,38.0,693.6834558045443,1.0
142.0,11.0,38.0,682.8468086031129,1.0
131.0,11.0,38.0,671.9008279210027,1.0
120.0,11.0,38.0,660.9896793374154,1.0
109.0,11.0,38.0,649.1086809993678,1.0
98.0,11.0,38.0,638.7227632543174,1.0
87.0,11.0,38.0,627.600070010918,1.0
76.0,11.0,38.0,616.2414573631468,1.0
65.0,11.0,38.0,605.6727485829124,1.0
54.0,11.0,38.0,594.823379715893,1.0
43.0,11.0,38.0,583.5023283132125,0.0
32.0,11.0,38.0,572.70816999777,0.0
21.0,11.0,38.0,561.6541647148536,0.0
10.0,11.0,38.0,550.7197674378083,0.0
-1.0,11.0,38.0,539.1444736239089,0.0
-12.0,11.0,38.0,528.4415180661449,0.0
-23.0,11.0,38.0,517.0672749551803,0.0
506.0,11.0,58.0,2000.563870985511,0.0
495.0,11.0,58.0,2000.1044268315047,0.0
484.0,11.0,58.0,2000.5185044727905,-1.0
473.0,11.0,58.0,2000.936113171341,-1.0
462.0,11.0,58.0,2000.9331173532419,-1.0
451.0,11.0,58.0,2000.1201089905444,-1.0
440.0,11.0,58.0,2000.036227600371,-1.0
429.0,11.0,58.0,2000.0467447503725,-1.0
418.0,11.0,58.0,2000.4840965926971,-1.0
407.0,11.0,58.0,2000.642257337187,-1.0
396.0,11.0,58.0,2000.8114425416156,-1.0
385.0,11.0,58.0,2000.601796377298,-1.0
374.0,11.0,58.0,2000.2299989371538,-1.0
363.0,11.0,58.0,2000.773750368189,-1.0
352.0,11.0,58.0,2000.5140252120982,-1.0
341.0,11.0,58.0,2000.017342002119,-1.0
330.0,11.0,58.0,2000.4355171569146,-1.0
319.0,11.0,58.0,2000.1204826934268,-1.0
308.0,11.0,58.0,2000.54240014645,-1.0
297.0,11.0,58.0,2000.2739649202217,0.0
286.0,11.0,58.0,2000.4475916285205,0.0
275.0,11.0,58.0,2000.9680617581334,0.0
264.0,11.0,58.0,2000.8358064020852,0.0
253.0,11.0,58.0,2000.3596848592915,0.0
242.0,11.0,58.0,2000.7572989309242,0.0
231.0,11.0,58.0,2000.0263510473894,1.0
220.0,11.0,58.0,2000.9054792046843,1.0
209.0,11.0,58.0,2000.7816040870073,1.0
198.0,11.0,58.0,2000.8473747584926,1.0
187.0,11.0,58.0,2000.1615152159302,1.0
176.0,11.0,58.0,1089.5546691568193,1.0
165.0,11.0,58.0,1078.9438327885075,1.0
154.0,11.0,58.0,1067.8810707933526,1.0
143.0,11.0,58.0,1056.550863645178,1.0
132.0,11.0,58.0,1045.3426009284467,1.0
121.0,11.0,58.0,1034.3486092199003,1.0
110.0,11.0,58.0,1023.1062619851672,1.0
99.0,11.0,58.0,1012.0026933922153,1.0
88.0,11.0,58.0,1001.5354156965623,1.0
77.0,11.0,58.0,990.6469256710623,1.0
66.0,11.0,58.0,979.4949442814029,1.0
55.0,11.0,58.0,968.1381558877564,1.0
44.0,11.0,58.0,957.4546608945783,1.0
33.0,11.0,58.0,946.6359567712245,1.0
22.0,11.0,58.0,935.0463560406489,0.0
11.0,11.0,58.0,924.2461306053509,0.0
0.0,11.0,58.0,913.3377173277694,0.0
-11.0,11.0,58.0,902.4465989051639,0.0
-22.0,11.0,58.0,891.0053695889894,0.0
-33.0,11.0,58.0,880.3615328209852,0.0
-44.0,11.0,58.0,869.3844830854396,0.0
-55.0,11.0,58.0,858.9394157626308,0.0
-66.0,11.0,58.0,847.3936772516971,-1.0
-77.0,11.0,58.0,836.1281689527647,-1.0
825.0,11.0,38.0,2000.5893924905924,-1.0
814.0,11.0,38.0,2000.0240928984297,-1.0
803.0,11.0,38.0,2000.2329046764237,-1.0
792.0,11.0,38.0,2000.463040262618,-1.0
781.0,11.0,38.0,2000.6310566640725,-1.0
770.0,11.0,38.0,2000.1849554193063,-1.0
759.0,11.0,38.0,2000.2537598366644,-1.0
748.0,11.0,38.0,2000.3687067084875,-1.0
737.0,11.0,38.0,2000.158909027386,-1.0
726.0,11.0,38.0,2000.852960205621,-1.0
715.0,11.0,38.0,2000.0244409603574,-1.0
704.0,11.0,38.0,2000.9271963913166,-1.0
693.0,11.0,38.0,2000.4834807560558,-1.0
682.0,11.0,38.0,2000.46466350444,-1.0
671.0,11.0,38.0,2000.9287672181124,-1.0
660.0,11.0,38.0,2000.1391902523999,-1.0
649.0,11.0,38.0,2000.1535239562288,-1.0
638.0,11.0,38.0,2000.746426351407,-1.0
627.0,11.0,38.0,2000.7973737519005,-1.0
616.0,11.0,38.0,2000.5079713882005,-1.0
605.0,11.0,38.0,2000.8804616979046,-1.0
594.0,11.0,38.0,2000.2993323040275,-1.0
583.0,11.0,38.0,2000.409153059217,-1.0
572.0,11.0,38.0,2000.6543936552694,-1.0
561.0,11.0,38.0,2000.9779185729394,-1.0
550.0,11.0,38.0,2000.3717477040138,-1.0
539.0,11.0,38.0,2000.4942855257373,-1.0
528.0,11.0,38.0,2000.402488181038,-1.0
517.0,11.0,38.0,2000.1089184171278,-1.0
506.0,11.0,38.0,2000.486869695109,-1.0
495.0,11.0,38.0,2000.3293748120025,-1.0
484.0,11.0,38.0,2000.372522950806,-1.0
473.0,11.0,38.0,2000.8840367734108,-1.0
462.0,11.0,38.0,2000.1820042232628,-1.0
451.0,11.0,38.0,2000.021813991607,-1.0
440.0,11.0,38.0,2000.916279530344,-1.0
429.0,11.0,38.0,2000.9707549461823,-1.0
418.0,11.0,38.0,2000.875893977512,-1.0
407.0,11.0,38.0,2000.6851771616152,-1.0
396.0,11.0,38.0,2000.572984971102,-1.0
385.0,11.0,38.0,2000.8502445160043,-1.0
374.0,11.0,38.0,2000.6760686690552,0.0
363.0,11.0,38.0,2000.801066944483,0.0
352.0,11.0,38.0,2000.099187424194,0.0
341.0,11.0,38.0,2000.8182036957398,0.0
330.0,11.0,38.0,2000.4027149068497,0.0
319.0,11.0,38.0,2000.9928510028747,0.0
308.0,11.0,38.0,2000.0417238508323,0.0
297.0,11.0,38.0,2000.46727037523,1.0
286.0,11.0,38.0,2000.885331737252,1.0
275.0,11.0,38.0,2000.5098306919178,1.0
264.0,11.0,38.0,2000.9625105042692,1.0
253.0,11.0,38.0,2000.3533417444216,1.0
242.0,11.0,38.0,2000.6247134095354,1.0
231.0,11.0,38.0,2000.0141524847088,1.0
220.0,11.0,38.0,2000.753363111,1.0
209.0,11.0,38.0,2000.2341065492003,1.0
198.0,11.0,38.0,2000.9472761068275,1.0
187.0,11.0,38.0,2000.4569292453816,1.0
176.0,11.0,38.0,2000.5360009015217,1.0
165.0,11.0,38.0,2000.926704174218,1.0
154.0,11.0,38.0,2000.548567744961,1.0
143.0,11.0,38.0,2000.418479336598,1.0
132.0,11.0,38.0,2000.6543329864678,1.0
121.0,11.0,38.0,2000.6936634916608,1.0
110.0,11.0,38.0,2000.2027661441887,1.0
99.0,11.0,38.0,2000.989347740591,1.0
88.0,11.0,38.0,2000.0536854294658,1.0
77.0,11.0,38.0,2000.4988805504065,1.0
66.0,11.0,38.0,2000.6844259069812,0.0
55.0,11.0,38.0,2000.2113620940386,0.0
44.0,11.0,38.0,2000.3095292763305,0.0
33.0,11.0,38.0,2000.4887973127913,0.0
22.0,11.0,38.0,1089.1125995820505,0.0
11.0,11.0,38.0,1078.0182004609767,0.0
0.0,11.0,38.0,1067.8684153150282,-1.0
-11.0,11.0,38.0,1056.36702930584,-1.0
-22.0,11.0,38.0,1045.7757788177632,-1.0
-33.0,11.0,38.0,1034.9018811183923,-1.0
-44.0,11.0,38.0,1023.389859006664,-1.0
-55.0,11.0,38.0,1012.086970098817,-1.0
1001.0,11.0,38.0,2000.9226990584789,-1.0
990.0,11.0,38.0,2000.4418880076291,-1.0
979.0,11.0,38.0,2000.7875486425942,-1.0
968.0,11.0,38.0,2000.3456446487576,-1.0
957.0,11.0,38.0,2000.585043859952,-1.0
946.0,11.0,38.0,2000.6643768124131,-1.0
935.0,11.0,38.0,2000.6512235064524,-1.0
924.0,11.0,38.0,2000.3536482650363,-1.0
913.0,11.0,38.0,2000.746289860969,-1.0
902.0,11.0,38.0,2000.4996696617422,-1.0
891.0,11.0,38.0,2000.2852700388748,-1.0
880.0,11.0,38.0,2000.3556052610456,-1.0
869.0,11.0,38.0,2000.076421533247,-1.0
858.0,11.0,38.0,2000.1098956469652,-1.0
847.0,11.0,38.0,2000.5438063494814,-1.0
836.0,11.0,38.0,2000.3086918177792,-1.0
825.0,11.0,38.0,2000.2809931629247,-1.0
814.0,11.0,38.0,2000.4831884199427,-1.0
803.0,11.0,38.0,2000.680635995908,-1.0
792.0,11.0,38.0,2000.5957633859975,-1.0
781.0,11.0,38.0,2000.5166980953354,-1.0
770.0,11.0,38.0,2000.4972066962994,-1.0
759.0,11.0,38.0,2000.3700800216338,-1.0
748.0,11.0,38.0,2000.9040205475637,-1.0
737.0,11.0,38.0,2000.9838460471165,-1.0
726.0,11.0,38.0,2000.639375118727,-1.0
715.0,11.0,38.0,2000.825130757628,-1.0
704.0,11.0,38.0,2000.554678068051,-1.0
693.0,11.0,38.0,2000.6796287086518,-1.0
682.0,11.0,38.0,2000.0988928772877,-1.0
671.0,11.0,38.0,2000.3430810692719,-1.0
660.0,11.0,38.0,2000.8467560576607,-1.0
649.0,11.0,38.0,2000.3545100820456,-1.0
638.0,11.0,38.0,2000.656983273964,-1.0
627.0,11.0,38.0,2000.2334710754387,-1.0
616.0,11.0,38.0,2000.3708369457659,-1.0
605.0,11.0,38.0,2000.3744698843775,-1.0
594.0,11.0,38.0,2000.4058816342308,-1.0
583.0,11.0,38.0,2000.755582845287,-1.0
572.0,11.0,38.0,2000.213800577796,-1.0
561.0,11.0,38.0,2000.8109321073857,-1.0
550.0,11.0,38.0,2000.913999770144,-1.0
539.0,11.0,38.0,2000.924322953258,-1.0
528.0,11.0,38.0,2000.564545137153,-1.0
517.0,11.0,38.0,2000.9885253527027,-1.0
506.0,11.0,38.0,2000.15986060364,-1.0
495.0,11.0,38.0,2000.6109326928456,-1.0
484.0,11.0,38.0,2000.2307247177257,-1.0
473.0,11.0,38.0,2000.570486340595,-1.0
462.0,11.0,38.0,2000.775244907472,-1.0
451.0,11.0,38.0,2000.365216607049,-1.0
440.0,11.0,38.0,2000.1774437726876,-1.0
429.0,11.0,38.0,2000.1602735103863,-1.0
418.0,11.0,38.0,2000.7426512166903,-1.0
407.0,11.0,38.0,2000.7623321738477,-1.0
396.0,11.0,38.0,2000.6493868287455,-1.0
385.0,11.0,38.0,2000.9513657027526,-1.0
374.0,11.0,38.0,2000.0687214594025,-1.0
363.0,11.0,38.0,2000.1008322657192,-1.0
352.0,11.0,38.0,2000.3366751039046,-1.0
341.0,11.0,38.0,2000.728253753062,-1.0
330.0,11.0,38.0,2000.5078291134246,-1.0
319.0,11.0,38.0,2000.3240258340995,-1.0
308.0,11.0,38.0,2000.436581384555,-1.0
297.0,11.0,38.0,2000.3204541479186,-1.0
286.0,11.0,38.0,2000.2772260883255,0.0
275.0,11.0,38.0,2000.51723542326,0.0
264.0,11.0,38.0,2000.7577336370448,0.0
253.0,11.0,38.0,2000.2486257837413,0.0
242.0,11.0,38.0,2000.1946967574443,0.0
231.0,11.0,38.0,2000.163925061768,0.0
220.0,11.0,38.0,2000.215776689406,1.0
209.0,11.0,38.0,2000.2728218559914,1.0
198.0,11.0,38.0,2000.6120736707283,1.0
187.0,11.0,38.0,2000.471979292878,1.0
176.0,11.0,38.0,2000.1241587656366,1.0
165.0,11.0,38.0,2000.7468493635183,1.0
154.0,11.0,38.0,2000.3306749332858,1.0
143.0,11.0,38.0,2000.5710539603965,1.0
132.0,11.0,38.0,2000.9117795039836,1.0
121.0,11.0,38.0,2000.6071359107275,1.0
110.0,11.0,38.0,2000.8897591545242,1.0
99.0,11.0,38.0,2000.8154776451,1.0
88.0,11.0,38.0,2000.3516828812642,1.0
77.0,11.0,38.0,2000.4381948961318,1.0
66.0,11.0,38.0,1089.010150887996,1.0
55.0,11.0,38.0,1078.544998777066,1.0
44.0,11.0,38.0,1067.1413483610831,1.0
33.0,11.0,38.0,1056.4717589043546,1.0
22.0,11.0,38.0,1045.3273824196676,1.0
11.0,11.0,38.0,1034.1193130338802,0.0
0.0,11.0,38.0,1023.503192545121,0.0
-11.0,11.0,38.0,1012.9721750475135,0.0
-22.0,11.0,38.0,1001.9345428284835,0.0
-33.0,11.0,38.0,990.935713501768,0.0
-44.0,11.0,38.0,979.0686068529255,0.0
968.0,11.0,58.0,2000.6227068159199,-1.0
957.0,11.0,58.0,2000.0876705954126,-1.0
946.0,11.0,58.0,2000.577024800472,-1.0
935.0,11.0,58.0,2000.6730863722087,-1.0
924.0,11.0,58.0,2000.4468256291927,-1.0
913.0,11.0,58.0,2000.863040089073,-1.0
902.0,11.0,58.0,2000.9059602579482,-1.0
891.0,11.0,58.0,2000.2513309098097,-1.0
880.0,11.0,58.0,2000.6274503716497,-1.0
869.0,11.0,58.0,2000.5332372804019,-1.0
858.0,11.0,58.0,2000.6017391175956,-1.0
847.0,11.0,58.0,2000.7170456928434,-1.0
836.0,11.0,58.0,2000.3623532516617,-1.0
825.0,11.0,58.0,2000.5871327591428,-1.0
814.0,11.0,58.0,2000.2627508558166,-1.0
803.0,11.0,58.0,2000.1703098485461,-1.0
792.0,11.0,58.0,2000.3568536473367,-1.0
781.0,11.0,58.0,2000.0490986745472,-1.0
770.0,11.0,58.0,2000.2288505649656,-1.0
759.0,11.0,58.0,2000.5256236168639,-1.0
748.0,11.0,58.0,2000.0669699150521,-1.0
737.0,11.0,58.0,2000.2230321098064,-1.0
726.0,11.0,58.0,2000.8082076361277,-1.0
715.0,11.0,58.0,2000.0079993091863,-1.0
704.0,11.0,58.0,2000.6274587635053,-1.0
693.0,11.0,58.0,2000.907456618328,-1.0
682.0,11.0,58.0,2000.9606588057154,-1.0
671.0,11.0,58.0,2000.4734461460296,-1.0
660.0,11.0,58.0,2000.818108202465,-1.0
649.0,11.0,58.0,2000.8503532337695,-1.0
638.0,11.0,58.0,2000.410735532512,-1.0
627.0,11.0,58.0,2000.491506136064,-1.0
616.0,11.0,58.0,2000.3195224185106,-1.0
605.0,11.0,58.0,2000.2073353054716,-1.0
594.0,11.0,58.0,2000.0532614767817,-1.0
583.0,11.0,58.0,2000.196258079879,-1.0
572.0,11.0,58.0,2000.6731827135013,-1.0
561.0,11.0,58.0,2000.8825219670632,-1.0
550.0,11.0,58.0,2000.7682310171729,-1.0
539.0,11.0,58.0,2000.8810857080716,-1.0
528.0,11.0,58.0,2000.8519688011677,-1.0
517.0,11.0,58.0,2000.195913265949,-1.0
506.0,11.0,58.0,2000.8269441686682,-1.0
495.0,11.0,58.0,2000.3405445171707,-1.0
484.0,11.0,58.0,2000.5662235112877,-1.0
473.0,11.0,58.0,1089.8580637357288,-1.0
462.0,11.0,58.0,1078.8509126686731,-1.0
451.0,11.0,58.0,1067.9803761307596,-1.0
440.0,11.0,58.0,1056.04154941767,-1.0
429.0,11.0,58.0,1045.6409651016147,-1.0
418.0,11.0,58.0,1034.281636330621,-1.0
407.0,11.0,58.0,1023.0875472326957,-1.0
396.0,11.0,58.0,1012.1466807621578,-1.0
385.0,11.0,58.0,1001.8228693383011,-1.0
374.0,11.0,58.0,990.4001243785011,-1.0
363.0,11.0,58.0,979.1052457818628,-1.0
352.0,11.0,58.0,968.1380643241241,-1.0
341.0,11.0,58.0,957.408542610304,0.0
330.0,11.0,58.0,946.6817863667288,0.0
319.0,11.0,58.0,935.3334892521984,0.0
308.0,11.0,58.0,924.5237481220214,0.0
297.0,11.0,58.0,913.4090392198789,0.0
286.0,11.0,58.0,902.9546744690264,0.0
275.0,11.0,58.0,891.5788315140863,1.0
264.0,11.0,58.0,880.980778615481,1.0
253.0,11.0,58.0,869.93812456737,1.0
242.0,11.0,58.0,858.5387924909518,1.0
231.0,11.0,58.0,847.2929818689703,1.0
220.0,11.0,58.0,836.8718813328946,1.0
209.0,11.0,58.0,825.7328916887566,1.0
198.0,11.0,58.0,814.9142467125985,1.0
187.0,11.0,58.0,803.6669241853014,1.0
176.0,11.0,58.0,792.9376909688913,1.0
165.0,11.0,58.0,781.9364842927391,1.0
154.0,11.0,58.0,770.8923530417335,1.0
143.0,11.0,58.0,759.1877513801726,1.0
132.0,11.0,58.0,748.8647020655773,1.0
121.0,11.0,58.0,737.4291143152602,1.0
110.0,11.0,58.0,726.6247990512754,1.0
99.0,11.0,58.0,715.3742199426274,1.0
88.0,11.0,58.0,704.206384580359,1.0
77.0,11.0,58.0,693.593033928721,0.0
66.0,11.0,58.0,682.6337997473,0.0
55.0,11.0,58.0,671.8664731039454,0.0
44.0,11.0,58.0,660.2663651603672,0.0
33.0,11.0,58.0,649.4538952087971,0.0
22.0,11.0,58.0,638.291799754382,0.0
11.0,11.0,58.0,627.9364775054072,0.0
0.0,11.0,58.0,616.8184926357818,-1.0
-11.0,11.0,58.0,605.4377336665148,-1.0
-22.0,11.0,58.0,594.2064918678594,-1.0
-33.0,11.0,58.0,583.8835900686686,-1.0
572.0,11.0,38.0,2000.6421133338717,-1.0
561.0,11.0,38.0,2000.1180276665466,-1.0
550.0,11.0,38.0,2000.4506295624485,-1.0
539.0,11.0,38.0,2000.478837050842,-1.0
528.0,11.0,38.0,2000.9480012643658,-1.0
517.0,11.0,38.0,2000.9619601634631,-1.0
506.0,11.0,38.0,2000.7733938942154,-1.0
495.0,11.0,38.0,2000.3904956863914,-1.0
484.0,11.0,38.0,2000.034546257695,-1.0
473.0,11.0,38.0,2000.470949048827,-1.0
462.0,11.0,38.0,2000.3876024255692,-1.0
451.0,11.0,38.0,2000.2673308754584,-1.0
440.0,11.0,38.0,2000.524543585653,-1.0
429.0,11.0,38.0,2000.5767612193392,-1.0
418.0,11.0,38.0,2000.9143694366883,-1.0
407.0,11.0,38.0,2000.0282394544665,0.0
396.0,11.0,38.0,2000.617272586657,0.0
385.0,11.0,38.0,2000.6773350834192,0.0
374.0,11.0,38.0,2000.5383894293334,0.0
363.0,11.0,38.0,2000.247188927379,0.0
352.0,11.0,38.0,2000.7723843704273,0.0
341.0,11.0,38.0,2000.6511508705357,0.0
330.0,11.0,38.0,2000.5176119434561,0.0
319.0,11.0,38.0,2000.1825108577889,1.0
308.0,11.0,38.0,2000.78571594632,1.0
297.0,11.0,38.0,2000.3992653505986,1.0
286.0,11.0,38.0,2000.7881955562148,1.0
275.0,11.0,38.0,2000.0771731099946,1.0
264.0,11.0,38.0,2000.5316865919451,1.0
253.0,11.0,38.0,2000.6314457277035,1.0
242.0,11.0,38.0,2000.3627222034788,1.0
231.0,11.0,38.0,2000.5721951743117,1.0
220.0,11.0,38.0,2000.400636986201,1.0
209.0,11.0,38.0,2000.4325503451819,1.0
198.0,11.0,38.0,2000.8055565915936,1.0
187.0,11.0,38.0,2000.9943386213213,1.0
176.0,11.0,38.0,2000.544968156383,1.0
165.0,11.0,38.0,2000.54684623478,1.0
154.0,11.0,38.0,2000.8030300504008,1.0
143.0,11.0,38.0,2000.9672794582693,1.0
132.0,11.0,38.0,2000.4653627092775,1.0
121.0,11.0,38.0,2000.6444316608965,1.0
110.0,11.0,38.0,1089.1306662139561,1.0
99.0,12.0,38.0,1078.1595170880255,1.0
87.0,12.0,38.0,1066.853396363995,1.0
75.0,12.0,38.0,1054.1345577887205,1.0
63.0,12.0,38.0,1042.4733942161279,1.0
51.0,12.0,38.0,1030.1025630691145,1.0
39.0,12.0,38.0,1018.5542870807951,0.0
27.0,12.0,38.0,1006.3892203356737,0.0
15.0,12.0,38.0,994.9438685344182,0.0
3.0,12.0,38.0,982.9198634626566,0.0
-9.0,12.0,38.0,970.65186337861,0.0
-21.0,12.0,38.0,958.4598011903894,-1.0
-33.0,12.0,38.0,946.1980475501844,-1.0
-45.0,12.0,38.0,934.0809644655762,-1.0
922.0,12.0,123.0,2000.9721609803075,-1.0
910.0,12.0,123.0,2000.7182325207746,-1.0
898.0,12.0,123.0,2000.1518260733365,-1.0
886.0,12.0,123.0,2000.9992077873246,-1.0
874.0,12.0,123.0,2000.0018930719464,-1.0
862.0,12.0,123.0,2000.1315322027826,-1.0
850.0,12.0,123.0,2000.2219669238004,-1.0
838.0,12.0,123.0,2000.210557226008,-1.0
826.0,12.0,123.0,2000.9159861271824,-1.0
814.0,12.0,123.0,2000.6376645012265,-1.0
802.0,12.0,123.0,2000.4866220457843,-1.0
790.0,12.0,123.0,2000.028966051953,-1.0
778.0,12.0,123.0,2000.945694028954,-1.0
766.0,12.0,123.0,2000.9148446860504,-1.0
754.0,12.0,123.0,2000.7207658971586,-1.0
742.0,12.0,123.0,2000.0616684486047,-1.0
730.0,12.0,123.0,2000.5648337201346,-1.0
718.0,12.0,123.0,2000.3338435454752,-1.0
706.0,12.0,123.0,2000.7370005611326,-1.0
694.0,12.0,123.0,2000.5091550971167,-1.0
682.0,12.0,123.0,2000.6329487603437,-1.0
670.0,12.0,123.0,2000.2542738584964,-1.0
658.0,12.0,123.0,2000.5211930987666,-1.0
646.0,12.0,123.0,2000.3341147888034,-1.0
634.0,12.0,123.0,2000.308968196172,-1.0
622.0,12.0,123.0,2000.066774030806,-1.0
610.0,12.0,123.0,2000.7078615797352,-1.0
598.0,12.0,123.0,2000.6754378998307,-1.0
586.0,12.0,123.0,2000.7357444184697,-1.0
574.0,12.0,123.0,2000.3300048551134,-1.0
562.0,12.0,123.0,2000.7666093509436,-1.0
550.0,12.0,123.0,2000.8749361282803,-1.0
538.0,12.0,123.0,2000.8980590056178,-1.0
526.0,12.0,123.0,2000.9642704992305,-1.0
514.0,12.0,123.0,2000.215280633601,-1.0
502.0,12.0,123.0,2000.1180433013978,-1.0
490.0,12.0,123.0,2000.5884637697422,-1.0
478.0,12.0,123.0,2000.112696773954,-1.0
466.0,12.0,123.0,2000.0603708299586,-1.0
454.0,12.0,123.0,2000.1770736388812,-1.0
442.0,12.0,123.0,2000.8739700272483,-1.0
430.0,12.0,123.0,2000.7103391033404,-1.0
418.0,12.0,123.0,2000.1840607701015,-1.0
406.0,12.0,123.0,2000.196658048374,-1.0
394.0,12.0,123.0,2000.6536591077033,-1.0
382.0,12.0,123.0,2000.5166091713443,-1.0
370.0,12.0,123.0,2000.3247104630025,-1.0
358.0,12.0,123.0,2000.1746722630457,-1.0
346.0,12.0,123.0,2000.478940788087,-1.0
334.0,12.0,123.0,2000.1053256108905,-1.0
322.0,12.0,123.0,2000.8791768938838,-1.0
310.0,12.0,123.0,2000.0011681685394,-1.0
298.0,12.0,123.0,2000.77328732489,-1.0
286.0,12.0,123.0,1088.5136731727919,-1.0
274.0,12.0,123.0,1076.1555218091212,-1.0
262.0,12.0,123.0,1064.8776690440516,-1.0
250.0,12.0,123.0,1052.1626211975413,-1.0
238.0,12.0,123.0,1040.6602383898921,-1.0
226.0,12.0,123.0,1028.324653481098,-1.0
214.0,12.0,123.0,1016.752394264007,-1.0
202.0,12.0,123.0,1004.6736305779457,-1.0
190.0,12.0,123.0,992.2205127028351,-1.0
178.0,12.0,123.0,980.7119145033188,-1.0
166.0,12.0,123.0,968.5427278252371,-1.0
154.0,12.0,123.0,956.6158194260678,-1.0
142.0,12.0,123.0,944.7466469891114,-1.0
130.0,12.0,123.0,932.6672317171752,-1.0
118.0,12.0,123.0,920.1052933144236,-1.0
106.0,12.0,123.0,908.7301231704683,-1.0
94.0,12.0,123.0,896.2749912982546,-1.0
82.0,12.0,123.0,884.8756091220994,-1.0
70.0,12.0,123.0,872.7210309232872,-1.0
58.0,12.0,123.0,860.2025930724982,-1.0
46.0,12.0,123.0,848.0975953944873,-1.0
34.0,12.0,123.0,836.6057801026525,-1.0
22.0,12.0,123.0,824.5951138618994,-1.0
10.0,12.0,123.0,812.9344962479282,-1.0
-2.0,12.0,123.0,800.1219073379016,-1.0
-14.0,12.0,123.0,788.1124111637815,-1.0
-26.0,12.0,123.0,776.5579936367143,-1.0
-38.0,12.0,123.0,764.7472440163036,-1.0
-50.0,12.0,123.0,752.5805030571001,-1.0
-62.0,12.0,123.0,740.1160628239262,-1.0
728.0,12.0,58.0,2000.5881686366251,-1.0
716.0,12.0,58.0,2000.3043529916683,-1.0
704.0,12.0,58.0,2000.0467634112256,-1.0
692.0,12.0,58.0,2000.8731029770454,-1.0
680.0,12.0,58.0,2000.3871055021552,-1.0
668.0,12.0,58.0,2000.458052531854,-1.0
656.0,12.0,58.0,2000.976298386493,-1.0
644.0,12.0,58.0,2000.54190403669,-1.0
632.0,12.0,58.0,2000.9012327337496,-1.0
620.0,12.0,58.0,2000.4627628124476,-1.0
608.0,12.0,58.0,2000.7723157089608,-1.0
596.0,12.0,58.0,2000.4231252603315,-1.0
584.0,12.0,58.0,2000.3905423457045,-1.0
572.0,12.0,58.0,2000.9789285304637,-1.0
560.0,12.0,58.0,2000.6776105266447,-1.0
548.0,12.0,58.0,2000.5831879452824,-1.0
536.0,12.0,58.0,2000.8419296909547,-1.0
524.0,12.0,58.0,2000.4653448423646,-1.0
512.0,12.0,58.0,2000.0844784550698,-1.0
500.0,12.0,58.0,2000.7017902161394,-1.0
488.0,12.0,58.0,2000.674655228329,-1.0
476.0,12.0,58.0,2000.9641087564698,-1.0
464.0,12.0,58.0,2000.1988511703262,-1.0
452.0,12.0,58.0,2000.015814492899,-1.0
440.0,12.0,58.0,2000.0460654103033,-1.0
428.0,12.0,58.0,2000.3215333045187,-1.0
416.0,12.0,58.0,2000.8391009802292,-1.0
404.0,12.0,58.0,2000.5655366665117,-1.0
392.0,12.0,58.0,2000.8893184315468,-1.0
380.0,12.0,58.0,2000.6934483661264,-1.0
368.0,12.0,58.0,2000.98117087762,-1.0
356.0,12.0,58.0,2000.8261904915587,0.0
344.0,12.0,58.0,2000.0693326276241,0.0
332.0,12.0,58.0,2000.0831730684242,0.0
320.0,12.0,58.0,2000.451206842263,0.0
308.0,12.0,58.0,2000.5627915615194,0.0
296.0,12.0,58.0,2000.950996167768,0.0
284.0,12.0,58.0,2000.5566355552191,0.0
272.0,12.0,58.0,2000.983200633045,0.0
260.0,12.0,58.0,2000.4713008858191,1.0
248.0,12.0,58.0,2000.015525004641,1.0
236.0,12.0,58.0,2000.8368839876782,1.0
224.0,12.0,58.0,2000.7639064973555,1.0
212.0,12.0,58.0,2000.9870458692087,1.0
200.0,12.0,58.0,2000.2570143832072,1.0
188.0,12.0,58.0,2000.6520766431868,1.0
176.0,12.0,58.0,2000.844032144271,1.0
164.0,12.0,58.0,2000.6204966053506,1.0
152.0,12.0,58.0,1088.7719820877614,1.0
140.0,12.0,58.0,1076.561433690955,1.0
128.0,12.0,58.0,1064.1645746255845,1.0
116.0,12.0,58.0,1052.019668612524,1.0
104.0,12.0,58.0,1040.90540183561,1.0
92.0,12.0,58.0,1028.866658591925,1.0
80.0,12.0,58.0,1016.2880511462218,1.0
68.0,12.0,58.0,1004.6624659115685,1.0
56.0,12.0,58.0,992.5447806381032,1.0
44.0,12.0,58.0,980.4739240026486,1.0
32.0,12.0,58.0,968.3130374510131,1.0
20.0,12.0,58.0,956.1483781704884,1.0
8.0,12.0,58.0,944.1245790817713,0.0
-4.0,12.0,58.0,932.2358636730153,0.0
-16.0,12.0,58.0,920.2118317934177,0.0
-28.0,12.0,58.0,908.3509352059364,0.0
-40.0,12.0,58.0,896.0268764635045,0.0
-52.0,12.0,58.0,884.0913265517818,0.0
-64.0,12.0,58.0,872.2365863582954,-1.0
-76.0,12.0,58.0,860.5667528589082,-1.0
848.0,12.0,38.0,2000.058673050336,-1.0
836.0,12.0,38.0,2000.1642000302616,-1.0
824.0,12.0,38.0,2000.9521592205856,-1.0
812.0,12.0,38.0,2000.6798132405643,-1.0
800.0,12.0,38.0,2000.3027343382985,-1.0
788.0,12.0,38.0,2000.9609725025214,-1.0
776.0,12.0,38.0,2000.6170182738235,-1.0
764.0,12.0,38.0,2000.6048810922257,-1.0
752.0,12.0,38.0,2000.683275305168,-1.0
740.0,12.0,38.0,2000.9781330953629,-1.0
728.0,12.0,38.0,2000.7120046694956,-1.0
716.0,12.0,38.0,2000.1233949822802,-1.0
704.0,12.0,38.0,2000.3340899002671,-1.0
692.0,12.0,38.0,2000.5786450057071,-1.0
680.0,12.0,38.0,2000.993587456224,-1.0
668.0,12.0,38.0,2000.242802508909,-1.0
656.0,12.0,38.0,2000.064102637861,-1.0
644.0,12.0,38.0,2000.4821330812974,-1.0
632.0,12.0,38.0,2000.935808314931,-1.0
620.0,12.0,38.0,2000.0668890554093,-1.0
608.0,12.0,38.0,2000.1900479903773,-1.0
596.0,12.0,38.0,2000.4319070978975,-1.0
584.0,12.0,38.0,2000.0336075249709,-1.0
572.0,12.0,38.0,2000.9249614872908,-1.0
560.0,12.0,38.0,2000.1718809770177,-1.0
548.0,12.0,38.0,2000.3140500214497,-1.0
536.0,12.0,38.0,2000.2365548517325,-1.0
524.0,12.0,38.0,2000.171472765756,-1.0
512.0,12.0,38.0,2000.3990006171678,-1.0
500.0,12.0,38.0,2000.1319182619932,-1.0
488.0,12.0,38.0,2000.9443880243748,-1.0
476.0,12.0,38.0,2000.232511341302,-1.0
464.0,12.0,38.0,2000.3068365480108,-1.0
452.0,12.0,38.0,2000.2338870494439,-1.0
440.0,12.0,38.0,2000.9244525651588,-1.0
428.0,12.0,38.0,2000.8908120936176,-1.0
416.0,12.0,38.0,2000.7956686695645,-1.0
404.0,12.0,38.0,2000.0565569996638,-1.0
392.0,12.0,38.0,2000.5947347238457,-1.0
380.0,12.0,38.0,2000.9801428358696,-1.0
368.0,12.0,38.0,2000.9892586462554,0.0
356.0,12.0,38.0,2000.6810994303196,0.0
344.0,12.0,38.0,2000.59424131516,0.0
332.0,12.0,38.0,2000.829498329442,0.0
320.0,12.0,38.0,2000.5930466891218,0.0
308.0,12.0,38.0,2000.4880042103955,0.0
296.0,12.0,38.0,2000.1845431312843,0.0
284.0,12.0,38.0,2000.0180246839002,0.0
272.0,12.0,38.0,2000.5990892164682,1.0
260.0,12.0,38.0,2000.8338652433872,1.0
248.0,12.0,38.0,2000.5050794828667,1.0
236.0,12.0,38.0,2000.9685049279524,1.0
224.0,12.0,38.0,2000.6273982218152,1.0
212.0,12.0,38.0,2000.548330056404,1.0
200.0,12.0,38.0,2000.2594687112382,1.0
188.0,12.0,38.0,2000.2673419857908,1.0
176.0,12.0,38.0,2000.7937985007873,1.0
164.0,12.0,38.0,2000.7057871673212,1.0
152.0,12.0,38.0,2000.2973631187133,1.0
140.0,12.0,38.0,2000.8927938845957,1.0
128.0,12.0,38.0,2000.876936697807,1.0
116.0,12.0,38.0,2000.595337200982,1.0
104.0,12.0,38.0,2000.6885459128714,0.0
92.0,12.0,38.0,2000.5674351359128,0.0
80.0,12.0,38.0,2000.07602804726,0.0
68.0,12.0,38.0,2000.893252296126,0.0
56.0,12.0,38.0,2000.8771073819416,0.0
44.0,12.0,38.0,2000.2789064701133,0.0
32.0,12.0,38.0,2000.940004022508,0.0
20.0,12.0,38.0,2000.599523730369,0.0
8.0,12.0,38.0,2000.355729223093,-1.0
-4.0,12.0,38.0,1088.8336189378253,-1.0
-16.0,12.0,38.0,1076.1402108998202,-1.0
1064.0,12.0,58.0,2000.041432094347,-1.0
1052.0,12.0,58.0,2000.3018077262645,-1.0
1040.0,12.0,58.0,2000.585215264225,-1.0
1028.0,12.0,58.0,2000.0247352963654,-1.0
1016.0,12.0,58.0,2000.2891153651208,-1.0
1004.0,12.0,58.0,2000.413332243029,-1.0
992.0,12.0,58.0,2000.5448449150724,-1.0
980.0,12.0,58.0,2000.2151476301551,-1.0
968.0,12.0,58.0,2000.3983281863734,-1.0
956.0,12.0,58.0,2000.071358719555,-1.0
944.0,12.0,58.0,2000.7078741429984,-1.0
932.0,12.0,58.0,2000.1636189394467,-1.0
920.0,12.0,58.0,2000.9111471851236,-1.0
908.0,12.0,58.0,2000.7130321200377,-1.0
896.0,12.0,58.0,2000.4225461608105,-1.0
884.0,12.0,58.0,2000.242561066138,-1.0
872.0,12.0,58.0,2000.8526226498511,-1.0
860.0,12.0,58.0,2000.5660560891106,-1.0
848.0,12.0,58.0,2000.6875331225476,-1.0
836.0,12.0,58.0,2000.9062470150072,-1.0
824.0,12.0,58.0,2000.2503042696683,-1.0
812.0,12.0,58.0,2000.1763345229003,-1.0
800.0,12.0,58.0,2000.7877356965187,-1.0
788.0,12.0,58.0,2000.0977831969392,-1.0
776.0,12.0,58.0,2000.9930118761226,-1.0
764.0,12.0,58.0,2000.9101214298603,-1.0
752.0,12.0,58.0,2000.6024847009824,-1.0
740.0,12.0,58.0,2000.7890507710338,-1.0
728.0,12.0,58.0,2000.2720974064068,-1.0
716.0,12.0,58.0,2000.8183787040616,-1.0
704.0,12.0,58.0,2000.0907576944355,-1.0
692.0,12.0,58.0,2000.9532416477875,-1.0
680.0,12.0,58.0,2000.3393920077328,-1.0
668.0,12.0,58.0,2000.2967503414875,-1.0
656.0,12.0,58.0,2000.6229223108792,-1.0
644.0,12.0,58.0,2000.9900336708258,-1.0
632.0,12.0,58.0,2000.0665210766285,-1.0
620.0,12.0,58.0,2000.2787530180585,-1.0
608.0,12.0,58.0,2000.771061550481,-1.0
596.0,12.0,58.0,2000.7201529984925,-1.0
584.0,12.0,58.0,2000.439753878561,-1.0
572.0,12.0,58.0,2000.3196691138414,-1.0
560.0,12.0,58.0,2000.7678081445817,-1.0
548.0,12.0,58.0,2000.3229076322996,-1.0
536.0,12.0,58.0,2000.3847121196186,-1.0
524.0,12.0,58.0,2000.3593738222044,-1.0
512.0,12.0,58.0,2000.8308038746593,-1.0
500.0,12.0,58.0,2000.2311336108457,-1.0
488.0,12.0,58.0,2000.8051582685373,-1.0
476.0,12.0,58.0,2000.433730015568,-1.0
464.0,12.0,58.0,2000.812634252695,-1.0
452.0,12.0,58.0,2000.5086498918363,-1.0
440.0,12.0,58.0,2000.677907815558,-1.0
428.0,12.0,58.0,2000.0893221523413,-1.0
416.0,12.0,58.0,2000.572354848662,-1.0
404.0,12.0,58.0,2000.3348858909244,-1.0
392.0,12.0,58.0,2000.8747938506456,-1.0
380.0,12.0,58.0,2000.0291387188847,-1.0
368.0,12.0,58.0,2000.5383450923207,-1.0
356.0,12.0,58.0,2000.9202275854486,0.0
344.0,12.0,58.0,2000.5142300059354,0.0
332.0,12.0,58.0,2000.9291535650855,0.0
320.0,12.0,58.0,2000.6805119837898,0.0
308.0,12.0,58.0,2000.5422305020545,0.0
296.0,12.0,58.0,2000.4290073850775,0.0
284.0,12.0,58.0,2000.7707802166565,0.0
272.0,12.0,58.0,2000.8123858190152,1.0
260.0,12.0,58.0,2000.0136792916403,1.0
248.0,12.0,58.0,2000.9666390347465,1.0
236.0,12.0,58.0,2000.9708463276106,1.0
224.0,12.0,58.0,2000.88229608918,1.0
212.0,12.0,58.0,2000.4276276068776,1.0
200.0,12.0,58.0,2000.0721706774707,1.0
188.0,12.0,58.0,2000.3823123131228,1.0
176.0,12.0,58.0,2000.3041923084231,1.0
164.0,12.0,58.0,2000.027104061697,1.0
152.0,12.0,58.0,2000.027274814477,1.0
140.0,12.0,58.0,2000.5780117079908,1.0
128.0,12.0,58.0,2000.8368043021146,1.0
116.0,12.0,58.0,2000.5125833201157,1.0
104.0,12.0,58.0,2000.6610165759485,1.0
92.0,12.0,58.0,2000.5551779824345,1.0
80.0,12.0,58.0,2000.1035581202345,1.0
68.0,12.0,58.0,1088.5292567832307,1.0
56.0,12.0,58.0,1076.744723577026,1.0
44.0,12.0,58.0,1064.197532051685,0.0
32.0,12.0,58.0,1052.0322075581905,0.0
20.0,12.0,58.0,1040.3355841543796,0.0
8.0,12.0,58.0,1028.4657037677853,0.0
-4.0,12.0,58.0,1016.1737882065008,0.0
-16.0,12.0,58.0,1004.4669005742659,0.0
-28.0,12.0,58.0,992.3092092580416,0.0
980.0,12.0,38.0,2000.9263690523592,0.0
968.0,12.0,38.0,2000.9924844667992,-1.0
956.0,12.0,38.0,2000.367002692913,-1.0
944.0,12.0,38.0,2000.7137093234523,-1.0
932.0,12.0,38.0,2000.7613598168027,-1.0
920.0,12.0,38.0,2000.2079300312887,-1.0
908.0,12.0,38.0,2000.2439099309968,-1.0
896.0,12.0,38.0,2000.7746070167075,-1.0
884.0,12.0,38.0,2000.4594690501885,-1.0
872.0,12.0,38.0,2000.8678752196552,-1.0
860.0,12.0,38.0,2000.4009029807737,-1.0
848.0,12.0,38.0,2000.6622005766974,-1.0
836.0,12.0,38.0,2000.7077465933075,-1.0
824.0,12.0,38.0,2000.3632054227785,-1.0
812.0,12.0,38.0,2000.1651700275972,-1.0
800.0,12.0,38.0,2000.8628005354904,-1.0
788.0,12.0,38.0,2000.148122068776,-1.0
776.0,12.0,38.0,2000.3613963430607,-1.0
764.0,12.0,38.0,2000.5645004928604,-1.0
752.0,12.0,38.0,2000.1523609827984,-1.0
740.0,12.0,38.0,2000.9521325757003,-1.0
728.0,12.0,38.0,2000.2314209771926,-1.0
716.0,12.0,38.0,2000.5315387793041,-1.0
704.0,12.0,38.0,2000.6561657013012,-1.0
692.0,12.0,38.0,2000.3697019496572,-1.0
680.0,12.0,38.0,2000.5842246005338,-1.0
668.0,12.0,38.0,2000.0197852870454,-1.0
656.0,12.0,38.0,2000.121773242933,-1.0
644.0,12.0,38.0,2000.2989967256965,-1.0
632.0,12.0,38.0,2000.3358062823397,-1.0
620.0,12.0,38.0,2000.0026109485575,-1.0
608.0,12.0,38.0,2000.5882590172941,-1.0
596.0,12.0,38.0,2000.630886775658,-1.0
584.0,12.0,38.0,2000.1362976929327,-1.0
572.0,12.0,38.0,2000.1865235922498,-1.0
560.0,12.0,38.0,2000.5484976066728,-1.0
548.0,12.0,38.0,2000.15952108486,-1.0
536.0,12.0,38.0,2000.7944575930244,-1.0
524.0,12.0,38.0,2000.1413635784882,-1.0
512.0,12.0,38.0,2000.8294760748547,-1.0
500.0,12.0,38.0,2000.6542044297282,-1.0
488.0,12.0,38.0,2000.9616370551037,-1.0
476.0,12.0,38.0,2000.0490606872627,-1.0
464.0,12.0,38.0,2000.3848702614907,-1.0
452.0,12.0,38.0,2000.6389007029602,-1.0
440.0,12.0,38.0,2000.6399228373118,-1.0
428.0,12.0,38.0,2000.2853574820506,-1.0
416.0,12.0,38.0,2000.416995111555,-1.0
404.0,12.0,38.0,2000.2025115387587,-1.0
392.0,12.0,38.0,2000.5365488135453,-1.0
380.0,12.0,38.0,1088.737496458558,0.0
368.0,12.0,38.0,1076.712726748305,0.0
356.0,12.0,38.0,1064.0666738914376,0.0
344.0,12.0,38.0,1052.293470356203,0.0
332.0,12.0,38.0,1040.270050819209,0.0
320.0,12.0,38.0,1028.4293908791572,0.0
308.0,12.0,38.0,1016.46417968282,0.0
296.0,12.0,38.0,1004.0885875656752,0.0
284.0,12.0,38.0,992.8262653947457,0.0
272.0,12.0,38.0,980.0046216457861,0.0
260.0,12.0,38.0,968.4441201555827,1.0
248.0,12.0,38.0,956.6088727056733,1.0
236.0,12.0,38.0,944.6657663364781,1.0
224.0,12.0,38.0,932.7134771348386,1.0
212.0,12.0,38.0,920.706365425536,1.0
200.0,12.0,38.0,908.2384101091542,1.0
188.0,12.0,38.0,896.8853271483022,1.0
176.0,12.0,38.0,884.9305537009934,1.0
164.0,12.0,38.0,872.0966896025727,1.0
152.0,12.0,38.0,860.3994023147977,1.0
140.0,12.0,38.0,848.8949242598836,1.0
128.0,13.0,38.0,836.9858103931887,1.0
115.0,13.0,38.0,823.3107806710173,1.0
102.0,13.0,38.0,810.258465789297,1.0
89.0,13.0,38.0,797.7463403861058,1.0
76.0,13.0,38.0,784.7225573454654,0.0
63.0,13.0,38.0,771.3859410938555,0.0
50.0,13.0,38.0,758.3087001521105,0.0
37.0,13.0,38.0,745.3065918072534,0.0
24.0,13.0,38.0,732.9845376356709,0.0
11.0,13.0,38.0,719.7891802799948,0.0
-2.0,13.0,38.0,706.1849019790955,0.0
-15.0,13.0,38.0,693.7788914592318,0.0
-28.0,13.0,38.0,680.808484662433,-1.0
-41.0,13.0,38.0,667.412119844571,-1.0
654.0,13.0,38.0,2000.2512678828266,-1.0
641.0,13.0,38.0,2000.9099789838208,-1.0
628.0,13.0,38.0,2000.728164301325,-1.0
615.0,13.0,38.0,2000.7815313639678,-1.0
602.0,13.0,38.0,2000.7867926876017,-1.0
589.0,13.0,38.0,2000.41106609495,-1.0
576.0,13.0,38.0,2000.094454395911,-1.0
563.0,13.0,38.0,2000.9616340385833,-1.0
550.0,13.0,38.0,2000.720275107884,-1.0
537.0,13.0,38.0,2000.1917514672841,-1.0
524.0,13.0,38.0,2000.3857122679806,-1.0
511.0,13.0,38.0,2000.1073274599103,-1.0
498.0,13.0,38.0,2000.2801300941558,-1.0
485.0,13.0,38.0,2000.2507150625663,-1.0
472.0,13.0,38.0,2000.5167677602785,-1.0
459.0,13.0,38.0,2000.3424877011068,-1.0
446.0,13.0,38.0,2000.2733106908404,-1.0
433.0,13.0,38.0,2000.4316141497338,-1.0
420.0,13.0,38.0,2000.2623086554522,-1.0
407.0,13.0,38.0,2000.0680769188752,-1.0
394.0,13.0,38.0,2000.2004121054547,-1.0
381.0,13.0,38.0,2000.1444132322995,-1.0
368.0,13.0,38.0,2000.0473501337137,-1.0
355.0,13.0,38.0,2000.433320384899,-1.0
342.0,13.0,38.0,2000.025730742601,-1.0
329.0,13.0,38.0,2000.9269871156957,0.0
316.0,13.0,38.0,2000.8182902689857,0.0
303.0,13.0,38.0,1087.0752385097353,0.0
290.0,13.0,38.0,1074.445920974827,0.0
277.0,13.0,38.0,1061.9405183278002,0.0
264.0,13.0,38.0,1048.5106683939787,0.0
251.0,13.0,38.0,1035.9418293177373,0.0
238.0,13.0,38.0,1022.0041783254075,1.0
225.0,13.0,38.0,1009.3372962798292,1.0
212.0,13.0,38.0,996.4748495610853,1.0
199.0,13.0,38.0,983.4755678799912,1.0
186.0,13.0,38.0,970.2899983848447,1.0
173.0,13.0,38.0,957.6546085693661,1.0
160.0,13.0,38.0,944.4434823481603,1.0
147.0,13.0,38.0,931.1881317506308,1.0
134.0,13.0,38.0,918.1501017079055,1.0
121.0,13.0,38.0,905.653348761657,1.0
108.0,13.0,38.0,892.8505275280295,1.0
95.0,13.0,38.0,879.2937489085492,1.0
82.0,13.0,38.0,866.9305368988872,1.0
69.0,13.0,38.0,853.115574757314,1.0
56.0,13.0,38.0,840.5798809056258,1.0
43.0,13.0,38.0,827.2437128614307,1.0
30.0,13.0,38.0,814.6696340925777,1.0
17.0,13.0,38.0,801.8068104497522,0.0
4.0,13.0,38.0,788.5453197118609,0.0
-9.0,13.0,38.0,775.1346844348975,0.0
-22.0,13.0,38.0,762.7889677984614,0.0
-35.0,13.0,38.0,749.666210547774,0.0
-48.0,13.0,38.0,736.4824114447165,0.0
-61.0,13.0,38.0,723.9399833961977,0.0
-74.0,13.0,38.0,710.9639635784673,0.0
697.0,13.0,38.0,2000.2794139473388,0.0
684.0,13.0,38.0,2000.3847211003363,0.0
671.0,13.0,38.0,2000.6406002379852,-1.0
658.0,13.0,38.0,2000.417634604474,-1.0
645.0,13.0,38.0,2000.892444023071,-1.0
632.0,13.0,38.0,2000.7280168460566,-1.0
619.0,13.0,38.0,2000.91919058452,-1.0
606.0,13.0,38.0,2000.7185899594879,-1.0
593.0,13.0,38.0,2000.1183273241597,-1.0
580.0,13.0,38.0,2000.53549185647,-1.0
567.0,13.0,38.0,2000.7874608324628,-1.0
554.0,13.0,38.0,2000.9663492210968,-1.0
541.0,13.0,38.0,2000.7256243968357,-1.0
528.0,13.0,38.0,2000.5665336298464,-1.0
515.0,13.0,38.0,2000.0226750462448,-1.0
502.0,13.0,38.0,2000.466866694758,-1.0
489.0,13.0,38.0,2000.7980803311286,-1.0
476.0,13.0,38.0,2000.2066089187529,-1.0
463.0,13.0,38.0,2000.7243816561952,-1.0
450.0,13.0,38.0,2000.0336567829793,-1.0
437.0,13.0,38.0,2000.4535533828773,-1.0
424.0,13.0,38.0,2000.014434592325,-1.0
411.0,13.0,38.0,2000.1834591905792,-1.0
398.0,13.0,38.0,2000.9860895844745,-1.0
385.0,13.0,38.0,1087.3630762338585,-1.0
372.0,13.0,38.0,1074.1061174277684,-1.0
359.0,13.0,38.0,1061.7125126870417,-1.0
346.0,13.0,38.0,1048.2923165281766,-1.0
333.0,13.0,38.0,1035.6424791461372,0.0
320.0,13.0,38.0,1022.7361559349085,0.0
307.0,13.0,38.0,1009.2257965975944,0.0
294.0,13.0,38.0,996.5128400226804,0.0
281.0,13.0,38.0,983.7260919720691,0.0
268.0,13.0,38.0,970.8869925931383,0.0
255.0,13.0,38.0,957.9568602702542,1.0
242.0,13.0,38.0,944.6897913030165,1.0
229.0,13.0,38.0,931.825285565816,1.0
216.0,13.0,38.0,918.248200351375,1.0
203.0,13.0,38.0,905.8757805630772,1.0
190.0,13.0,38.0,892.572935282731,1.0
177.0,13.0,38.0,879.4519318968726,1.0
164.0,13.0,38.0,866.2414347333494,1.0
151.0,13.0,38.0,853.1200784802782,1.0
138.0,13.0,38.0,840.2097218276026,1.0
125.0,13.0,38.0,827.5689829442763,1.0
112.0,13.0,38.0,814.5173985478303,1.0
99.0,13.0,38.0,801.2572165070676,1.0
86.0,13.0,38.0,788.5814816719814,1.0
73.0,13.0,38.0,775.783084553033,1.0
60.0,13.0,38.0,762.2473992915222,1.0
47.0,13.0,38.0,749.0088128771905,1.0
34.0,13.0,38.0,736.7929578481661,0.0
21.0,13.0,38.0,723.2368204106536,0.0
8.0,13.0,38.0,710.7304988392656,0.0
-5.0,13.0,38.0,697.0207945401806,0.0
-18.0,13.0,38.0,684.8278647129532,0.0
671.0,13.0,38.0,2000.012787122501,0.0
658.0,13.0,38.0,2000.4504029712523,0.0
645.0,13.0,38.0,2000.8136525561565,0.0
632.0,13.0,38.0,2000.5083839065585,-1.0
619.0,13.0,38.0,2000.451805403686,-1.0
606.0,13.0,38.0,2000.4626503361944,-1.0
593.0,13.0,38.0,2000.6442972023945,-1.0
580.0,13.0,38.0,2000.8072034316237,-1.0
567.0,13.0,38.0,2000.1922399138634,-1.0
554.0,13.0,38.0,1087.8531397676506,-1.0
541.0,13.0,38.0,1074.9014931680213,-1.0
528.0,13.0,38.0,1061.7731003194972,-1.0
515.0,13.0,38.0,1048.7558547153888,-1.0
502.0,13.0,38.0,1035.9645834376743,-1.0
489.0,13.0,38.0,1022.5968660134689,-1.0
476.0,13.0,38.0,1009.7497779039514,-1.0
463.0,13.0,38.0,996.1148011377238,-1.0
450.0,13.0,38.0,983.7920901386826,-1.0
437.0,13.0,38.0,970.6252124157194,-1.0
424.0,13.0,38.0,957.1135387742246,-1.0
411.0,13.0,38.0,944.0711337042103,-1.0
398.0,13.0,38.0,931.5412279052942,-1.0
385.0,13.0,38.0,918.2701656123531,-1.0
372.0,13.0,38.0,905.0023029838927,0.0
359.0,13.0,38.0,892.9400999951486,0.0
346.0,13.0,38.0,879.8350203995528,0.0
333.0,13.0,38.0,866.5780781785611,0.0
320.0,13.0,38.0,853.2927294230129,0.0
307.0,13.0,38.0,840.1434935254725,1.0
294.0,13.0,38.0,827.1307148256823,1.0
281.0,13.0,38.0,814.1177057244172,1.0
268.0,13.0,38.0,801.2359184890388,1.0
255.0,13.0,38.0,788.4008924914967,1.0
242.0,13.0,38.0,775.1567594860625,1.0
229.0,13.0,38.0,762.2041155449848,1.0
216.0,13.0,38.0,749.3762963809302,1.0
203.0,13.0,38.0,736.613928596054,1.0
190.0,13.0,38.0,723.285192310316,1.0
177.0,13.0,38.0,710.284465657838,1.0
164.0,13.0,38.0,697.0050236873003,1.0
151.0,13.0,38.0,684.9061555106958,1.0
138.0,13.0,38.0,671.7108237222087,1.0
125.0,13.0,38.0,658.147461006612,1.0
112.0,13.0,38.0,645.2200391261973,1.0
99.0,13.0,38.0,632.8811526281587,1.0
86.0,13.0,38.0,619.8088812534505,1.0
73.0,13.0,38.0,606.5605400610235,1.0
60.0,13.0,38.0,593.1285235841333,0.0
47.0,13.0,38.0,580.6588806618257,0.0
34.0,13.0,38.0,567.8793772557812,0.0
21.0,13.0,38.0,554.0949159898882,0.0
8.0,13.0,38.0,541.8027840880661,0.0
-5.0,13.0,38.0,528.8340582459282,0.0
-18.0,13.0,38.0,515.4808607220218,0.0
-31.0,13.0,38.0,502.3174299306458,0.0
-44.0,13.0,38.0,489.97389315466233,0.0
476.0,13.0,58.0,2000.157064363461,-1.0
463.0,13.0,58.0,2000.4071737792074,-1.0
450.0,13.0,58.0,2000.696790512245,-1.0
437.0,13.0,58.0,2000.9974884940348,-1.0
424.0,13.0,58.0,2000.9119877294793,-1.0
411.0,13.0,58.0,2000.1373633989767,-1.0
398.0,13.0,58.0,2000.9506116909104,-1.0
385.0,13.0,58.0,2000.9212547840975,-1.0
372.0,13.0,58.0,2000.3279664037273,-1.0
359.0,13.0,58.0,2000.962462457009,-1.0
346.0,13.0,58.0,2000.7465915862483,-1.0
333.0,13.0,58.0,2000.0314963165854,-1.0
320.0,13.0,58.0,2000.819277475494,-1.0
307.0,13.0,58.0,2000.3344175019233,-1.0
294.0,13.0,58.0,2000.7355908173222,-1.0
281.0,13.0,58.0,2000.4050751512664,0.0
268.0,13.0,58.0,2000.6985937699008,0.0
255.0,13.0,58.0,2000.2072517169436,0.0
242.0,13.0,58.0,2000.3489780563193,0.0
229.0,13.0,58.0,2000.4694095710176,1.0
216.0,13.0,58.0,2000.2963467439515,1.0
203.0,13.0,58.0,2000.9452403581845,1.0
190.0,13.0,58.0,2000.6453295317394,1.0
177.0,13.0,58.0,2000.8482871083697,1.0
164.0,13.0,58.0,2000.5435400754493,1.0
151.0,13.0,58.0,2000.213260374585,0.0
138.0,13.0,58.0,2000.2195971168856,0.0
125.0,13.0,58.0,2000.0802962348812,0.0
112.0,13.0,58.0,2000.4447181489504,0.0
99.0,13.0,58.0,2000.8055008389692,0.0
86.0,13.0,58.0,2000.6267995758574,0.0
73.0,13.0,58.0,2000.8849947673193,0.0
60.0,13.0,58.0,2000.2300265359702,0.0
47.0,13.0,58.0,2000.4147084696883,0.0
34.0,13.0,58.0,2000.9828797699658,0.0
21.0,13.0,58.0,2000.9244748566646,0.0
8.0,13.0,58.0,2000.312040664824,0.0
-5.0,13.0,58.0,1087.2588677716114,0.0
-18.0,13.0,58.0,1074.816479240136,0.0
-31.0,13.0,58.0,1061.8289541992767,0.0
-44.0,13.0,58.0,1048.0503648447939,0.0
-57.0,13.0,58.0,1035.365420077839,0.0
-70.0,13.0,58.0,1022.3666484513423,0.0
1009.0,13.0,38.0,2000.9464280032205,0.0
996.0,13.0,38.0,2000.5119010084163,0.0
983.0,13.0,38.0,2000.0557817769252,0.0
970.0,13.0,38.0,2000.209409813037,0.0
957.0,13.0,38.0,2000.1607719263395,0.0
944.0,13.0,38.0,2000.2660012224176,0.0
931.0,13.0,38.0,2000.7979869668086,0.0
918.0,13.0,38.0,2000.719118252873,0.0
905.0,13.0,38.0,2000.6842298150555,0.0
892.0,13.0,38.0,2000.3535694464165,0.0
879.0,13.0,38.0,2000.5904975922433,0.0
866.0,13.0,38.0,2000.993325451059,0.0
853.0,13.0,38.0,2000.8727222594216,0.0
840.0,13.0,38.0,2000.8620236221218,-1.0
827.0,13.0,38.0,2000.8610654165036,-1.0
814.0,13.0,38.0,2000.8650659814996,-1.0
801.0,13.0,38.0,2000.862870916473,-1.0
788.0,13.0,38.0,2000.1092729047284,-1.0
775.0,13.0,38.0,2000.2704368831671,-1.0
762.0,13.0,38.0,2000.4560915755442,-1.0
749.0,13.0,38.0,2000.367282377825,-1.0
736.0,13.0,38.0,2000.3081167941089,-1.0
723.0,13.0,38.0,2000.3425644132642,-1.0
710.0,13.0,38.0,2000.1184245345307,-1.0
697.0,13.0,38.0,2000.2475138018317,-1.0
684.0,13.0,38.0,2000.110937988767,-1.0
671.0,13.0,38.0,2000.9653600382235,-1.0
658.0,13.0,38.0,2000.4258803942253,-1.0
645.0,13.0,38.0,2000.9662551111217,-1.0
632.0,13.0,38.0,2000.6126404696543,-1.0
619.0,13.0,38.0,2000.6108867552373,-1.0
606.0,13.0,38.0,2000.614876449419,-1.0
593.0,13.0,38.0,2000.8278751220412,-1.0
580.0,13.0,38.0,2000.3981671621634,-1.0
567.0,13.0,38.0,2000.1795167764365,-1.0
554.0,13.0,38.0,2000.0409423885103,-1.0
541.0,13.0,38.0,2000.5747703969728,-1.0
528.0,13.0,38.0,2000.2005878437312,-1.0
515.0,13.0,38.0,2000.756844402653,-1.0
502.0,13.0,38.0,2000.9830427840275,-1.0
489.0,13.0,38.0,2000.3638538082032,-1.0
476.0,13.0,38.0,2000.0829836520072,-1.0
463.0,13.0,38.0,2000.3711666859315,-1.0
450.0,13.0,38.0,2000.9490319510708,-1.0
437.0,13.0,38.0,2000.0847521920552,0.0
424.0,13.0,38.0,2000.6492828340613,0.0
411.0,13.0,38.0,2000.4371029982049,0.0
398.0,13.0,38.0,2000.5996821664596,0.0
385.0,13.0,38.0,1087.883169543745,-1.0
372.0,13.0,38.0,1074.4334298620468,-1.0
359.0,13.0,38.0,1061.3626372458498,-1.0
346.0,13.0,38.0,1048.6813585591822,0.0
333.0,13.0,38.0,1035.4488585463412,0.0
320.0,13.0,38.0,1022.2871950174175,0.0
307.0,13.0,38.0,1009.0790772301583,0.0
294.0,13.0,38.0,996.1169984865503,0.0
281.0,13.0,38.0,983.8626179306227,0.0
268.0,13.0,38.0,970.3062030691334,0.0
255.0,13.0,38.0,957.5628462817493,1.0
242.0,13.0,38.0,944.8440563860515,1.0
229.0,13.0,38.0,931.8826106159308,1.0
216.0,13.0,38.0,918.4987238051598,1.0
203.0,13.0,38.0,905.501327832561,1.0
190.0,13.0,38.0,892.5611748511863,1.0
177.0,13.0,38.0,879.5918189261728,1.0
164.0,13.0,38.0,866.4719093310604,1.0
151.0,13.0,38.0,853.1423042036679,1.0
138.0,13.0,38.0,840.2257033186801,1.0
125.0,13.0,38.0,827.2834394258508,1.0
112.0,13.0,38.0,814.76081511921,1.0
99.0,13.0,38.0,801.2193585183152,1.0
86.0,13.0,38.0,788.9263989679638,1.0
73.0,13.0,38.0,775.3086380112803,1.0
60.0,13.0,38.0,762.3138552297592,1.0
47.0,13.0,38.0,749.4026314563005,1.0
34.0,13.0,38.0,736.3922808136724,1.0
21.0,13.0,38.0,723.7623421537229,1.0
8.0,13.0,38.0,710.5527337069836,1.0
-5.0,13.0,38.0,697.81076542428,0.0
-18.0,13.0,38.0,684.6394227474973,0.0
-31.0,13.0,38.0,671.6553789778774,0.0
-44.0,13.0,38.0,658.3377767997388,0.0
645.0,13.0,38.0,2000.2959058282256,0.0
632.0,13.0,38.0,2000.380391672043,0.0
619.0,13.0,38.0,2000.5903179269599,0.0
606.0,13.0,38.0,2000.6238064642673,0.0
593.0,13.0,38.0,2000.6714546247947,0.0
580.0,13.0,38.0,2000.4080098485144,-1.0
567.0,13.0,38.0,2000.538318958114,-1.0
554.0,13.0,38.0,2000.6539893808242,-1.0
541.0,13.0,38.0,2000.009211945188,-1.0
528.0,13.0,38.0,2000.6702983913563,-1.0
515.0,13.0,38.0,2000.144490661702,-1.0
502.0,13.0,38.0,2000.84119806127,-1.0
489.0,13.0,38.0,2000.782013721865,-1.0
476.0,13.0,38.0,2000.3955503798322,-1.0
463.0,13.0,38.0,2000.0951791038817,-1.0
450.0,13.0,38.0,2000.6281585653644,-1.0
437.0,13.0,38.0,2000.3501997511587,-1.0
424.0,13.0,38.0,2000.4361532344824,-1.0
411.0,13.0,38.0,2000.7974757316615,-1.0
398.0,13.0,38.0,2000.0396577187746,-1.0
385.0,13.0,38.0,2000.8764694213703,-1.0
372.0,13.0,38.0,2000.7657643199195,-1.0
359.0,13.0,38.0,2000.1707344008996,-1.0
346.0,13.0,38.0,2000.422655584881,-1.0
333.0,13.0,38.0,2000.997498722871,-1.0
320.0,13.0,38.0,2000.4396196565874,0.0
307.0,13.0,38.0,1087.005507229028,0.0
294.0,13.0,38.0,1074.821205858404,0.0
281.0,13.0,38.0,1061.0274578195003,0.0
268.0,13.0,38.0,1048.6396784624308,0.0
255.0,13.0,38.0,1035.2119554779788,0.0
242.0,13.0,38.0,1022.7065557715688,0.0
229.0,13.0,38.0,1009.5077843388395,0.0
216.0,13.0,38.0,996.4277326440064,1.0
203.0,13.0,38.0,983.0787605703663,1.0
190.0,13.0,38.0,970.5479322282558,1.0
177.0,13.0,38.0,957.7915508902355,1.0
164.0,13.0,38.0,944.5023077536981,1.0
151.0,13.0,38.0,931.0269864757173,1.0
138.0,13.0,38.0,918.8157307586845,1.0
125.0,13.0,38.0,905.4982712491604,1.0
112.0,13.0,38.0,892.8920563344658,1.0
99.0,13.0,38.0,879.5829148560919,1.0
86.0,13.0,38.0,866.3866950893106,1.0
73.0,13.0,38.0,853.3821600608837,1.0
60.0,13.0,38.0,840.2476848661852,1.0
47.0,13.0,38.0,827.5129356314209,1.0
34.0,13.0,38.0,814.0314878296393,0.0
21.0,13.0,38.0,801.1499954449171,0.0
8.0,13.0,38.0,788.0489659734927,0.0
-5.0,13.0,38.0,775.9366246969778,0.0
-18.0,13.0,38.0,762.503402254821,0.0
-31.0,13.0,38.0,749.1055157132166,0.0
-44.0,13.0,38.0,736.1361478342513,0.0
723.0,13.0,38.0,2000.3220095507832,0.0
710.0,13.0,38.0,2000.4985355125493,0.0
697.0,13.0,38.0,2000.491866957294,0.0
684.0,13.0,38.0,2000.9241064590772,0.0
671.0,13.0,38.0,2000.4073774862609,0.0
658.0,13.0,38.0,2000.300170556289,0.0
645.0,13.0,38.0,2000.578935715859,0.0
632.0,13.0,38.0,2000.6788837242805,-1.0
619.0,13.0,38.0,2000.3555491695965,-1.0
606.0,13.0,38.0,1087.9289724359924,-1.0
593.0,13.0,38.0,1074.0126966567784,-1.0
580.0,13.0,38.0,1061.2170384988362,-1.0
567.0,13.0,38.0,1048.0913213955234,-1.0
554.0,13.0,38.0,1035.1025644758743,-1.0
541.0,13.0,38.0,1022.8788448801381,-1.0
528.0,13.0,38.0,1009.761531969497,-1.0
515.0,13.0,38.0,996.3968358640899,-1.0
502.0,13.0,38.0,983.7126388523228,-1.0
489.0,13.0,38.0,970.5481801425426,-1.0
476.0,13.0,38.0,957.6802421903433,-1.0
463.0,13.0,38.0,944.3672153122865,-1.0
450.0,13.0,38.0,931.3672764430559,-1.0
437.0,13.0,38.0,918.7286123912511,-1.0
424.0,13.0,38.0,905.7273774397765,0.0
411.0,13.0,38.0,892.8824423074608,0.0
398.0,13.0,38.0,879.8401112920899,0.0
385.0,13.0,38.0,866.2187613623121,0.0
372.0,13.0,38.0,853.0619127640838,0.0
359.0,13.0,38.0,840.6620361481494,0.0
346.0,13.0,38.0,827.6468776538428,0.0
333.0,13.0,38.0,814.2414510261025,0.0
320.0,13.0,38.0,801.6697872657015,1.0
307.0,13.0,38.0,788.8677685481363,1.0
294.0,13.0,38.0,775.8094037240467,1.0
281.0,13.0,38.0,762.5402124507965,1.0
268.0,13.0,38.0,749.6852973698564,1.0
255.0,13.0,38.0,736.8830579862275,1.0
242.0,13.0,38.0,723.2899828509649,1.0
229.0,14.0,38.0,710.9982928485401,1.0
215.0,14.0,38.0,696.0314638565651,1.0
201.0,14.0,38.0,682.6471553255307,1.0
187.0,14.0,38.0,668.4343023758429,1.0
173.0,14.0,38.0,654.6655214649365,1.0
159.0,14.0,38.0,640.5280151705145,1.0
145.0,14.0,38.0,626.7387491403805,1.0
131.0,14.0,38.0,612.2113116216598,1.0
117.0,14.0,38.0,598.1579486553907,1.0
103.0,14.0,38.0,584.3174951411274,1.0
89.0,14.0,38.0,570.0381968847574,1.0
75.0,14.0,38.0,556.5917582286817,1.0
61.0,14.0,38.0,542.3326045912567,1.0
47.0,14.0,38.0,528.5964018127312,1.0
33.0,14.0,38.0,514.8915081460109,1.0
19.0,14.0,38.0,500.6817051410583,0.0
5.0,14.0,38.0,486.3258053644657,0.0
-9.0,14.0,38.0,472.03177835717054,0.0
-23.0,14.0,38.0,458.3601178092506,0.0
-37.0,14.0,38.0,444.04713798013194,0.0
430.0,14.0,58.0,2000.101559353362,0.0
416.0,14.0,58.0,2000.0976639568369,0.0
402.0,14.0,58.0,2000.9390853329733,-1.0
388.0,14.0,58.0,2000.3831182599577,-1.0
374.0,14.0,58.0,2000.6684665312703,-1.0
360.0,14.0,58.0,2000.2044661602692,-1.0
346.0,14.0,58.0,2000.07489122218,-1.0
332.0,14.0,58.0,2000.0818134872231,-1.0
318.0,14.0,58.0,2000.5808293661987,-1.0
304.0,14.0,58.0,2000.46559506736,-1.0
290.0,14.0,58.0,2000.6736767810362,-1.0
276.0,14.0,58.0,2000.1542449367776,-1.0
262.0,14.0,58.0,2000.4867326140984,-1.0
248.0,14.0,58.0,2000.9182484889022,-1.0
234.0,14.0,58.0,2000.1793758559381,-1.0
220.0,14.0,58.0,2000.375783069543,0.0
206.0,14.0,58.0,2000.363644704117,0.0
192.0,14.0,58.0,2000.704713020876,0.0
178.0,14.0,58.0,1086.530461084774,0.0
164.0,14.0,58.0,1072.853088725227,0.0
