1500,10,0,2000,0
1500,10,0,2000,0
1500,10,0,2000,0
1090,10,38,2000,0
1080,10,38,2000,0
1070,10,38,2000,0
1060,10,38,2000,0
1050,10,38,2000,0
1040,10,38,2000,0
1030,10,38,2000,0
1020,10,38,2000,0
1010,10,38,2000,0
1000,10,38,2000,0
990,10,38,2000,0
980,10,38,2000,0
970,10,38,2000,0
960,10,38,2000,0
950,10,38,2000,0
940,10,38,2000,0
930,10,38,2000,0
920,10,38,2000,0
910,10,38,2000,0
900,10,38,2000,0
890,10,38,2000,0
880,10,38,2000,0
870,10,38,2000,0
860,10,38,2000,0
850,10,38,2000,0
840,10,38,2000,0
830,10,38,2000,0
820,10,38,2000,0
810,10,38,2000,0
800,10,38,2000,0
790,10,38,2000,0
780,10,38,2000,0
770,10,38,2000,0
760,10,38,2000,0
750,10,38,2000,0
740,10,38,2000,0
730,10,38,2000,0
720,10,38,2000,0
710,10,38,2000,0
700,10,38,2000,0
690,10,38,2000,0
680,10,38,2000,0
670,10,38,2000,0
660,10,38,2000,0
650,10,38,2000,0
640,10,38,2000,0
630,10,38,2000,0
620,10,38,2000,0
610,10,38,2000,0
600,10,38,2000,0
590,10,38,2000,0
580,10,38,2000,0
570,10,38,2000,0
560,10,38,2000,0
550,10,38,2000,0
540,10,38,2000,0
530,10,38,2000,0
520,10,38,2000,0
510,10,38,2000,0
500,10,38,2000,0
490,10,38,2000,0
480,10,38,2000,0
470,10,38,2000,0
460,10,38,2000,0
450,10,38,2000,0
440,10,38,2000,0
430,10,38,2000,0
420,10,38,2000,0
410,10,38,2000,0
400,10,38,2000,0
390,10,38,2000,0
380,10,38,2000,0
370,10,38,2000,0
360,10,38,2000,0
350,10,38,2000,1
340,10,38,2000,1
330,10,38,2000,1
320,10,38,2000,1
310,10,38,2000,1
300,10,38,2000,1
290,10,38,2000,1
280,10,38,2000,1
270,10,38,2000,1
260,10,38,2000,1
250,10,38,2000,1
240,10,38,2000,1
230,10,38,2000,1
220,10,38,2000,1
210,10,38,2000,1
200,10,38,2000,1
190,10,38,2000,1
180,10,38,2000,1
170,10,38,2000,1
160,10,38,2000,1
150,10,38,2000,1
140,10,38,2000,1
130,10,38,2000,1
120,10,38,2000,1
110,10,38,2000,1
100,10,38,2000,1
90,10,38,2000,1
80,10,38,2000,1
70,10,38,2000,1
60,10,38,2000,1
50,10,38,2000,1
40,10,38,1090,1
30,10,38,1080,1
20,10,38,1070,1
10,10,38,1060,1
0,10,38,1050,1
-10,10,38,1040,1
-20,10,38,1030,1
-30,10,38,1020,1
-40,10,38,1010,1
1000,10,38,2000,1
990,10,38,2000,1
980,10,38,2000,1
970,10,38,2000,1
960,10,38,2000,0
950,10,38,2000,0
940,10,38,2000,0
930,10,38,2000,0
920,10,38,2000,0
910,10,38,2000,0
900,10,38,2000,0
890,10,38,2000,0
880,10,38,2000,0
870,10,38,2000,0
860,10,38,2000,0
850,10,38,2000,0
840,10,38,2000,0
830,10,38,2000,0
820,10,38,2000,0
810,10,38,2000,0
800,10,38,2000,0
790,10,38,2000,0
780,10,38,2000,0
770,10,38,2000,0
760,10,38,2000,0
750,10,38,2000,0
740,10,38,2000,0
730,10,38,2000,0
720,10,38,2000,0
710,10,38,2000,0
700,10,38,2000,0
690,10,38,2000,0
680,10,38,2000,0
670,10,38,2000,0
660,10,38,2000,0
650,10,38,2000,0
640,10,38,2000,0
630,10,38,2000,0
620,10,38,2000,0
610,10,38,2000,0
600,10,38,2000,0
590,10,38,2000,0
580,10,38,2000,0
570,10,38,2000,0
560,10,38,2000,0
550,10,38,2000,0
540,10,38,2000,0
530,10,38,2000,0
520,10,38,2000,0
510,10,38,2000,0
500,10,38,2000,0
490,10,38,2000,0
480,10,38,2000,0
470,10,38,2000,0
460,10,38,2000,0
450,10,38,1090,0
440,10,38,1080,0
430,10,38,1070,0
420,10,38,1060,0
410,10,38,1050,0
400,10,38,1040,0
390,10,38,1030,0
380,10,38,1020,0
370,10,38,1010,0
360,10,38,1000,0
350,10,38,990,0
340,10,38,980,0
330,10,38,970,0
320,10,38,960,0
310,10,38,950,0
300,10,38,940,0
290,10,38,930,0
280,10,38,920,0
270,10,38,910,0
260,10,38,900,0
250,10,38,890,0
240,10,38,880,0
230,10,38,870,1
220,10,38,860,1
210,10,38,850,1
200,10,38,840,1
190,10,38,830,1
180,10,38,820,1
170,10,38,810,1
160,10,38,800,1
150,10,38,790,1
140,10,38,780,1
130,10,38,770,1
120,10,38,760,0
110,10,38,750,0
100,10,38,740,0
90,10,38,730,0
80,10,38,720,0
70,10,38,710,0
60,10,38,700,0
50,10,38,690,0
40,10,38,680,0
30,10,38,670,0
20,10,38,660,0
10,10,38,650,0
0,10,38,640,0
-10,10,38,630,0
-20,10,38,620,0
-30,10,38,610,0
-40,10,38,600,0
-50,10,38,590,0
-60,10,38,580,0
-70,10,38,570,0
560,10,38,2000,0
550,10,38,2000,0
540,10,38,2000,0
530,10,38,2000,0
520,10,38,2000,0
510,10,38,2000,0
500,10,38,2000,0
490,10,38,2000,0
480,10,38,2000,0
470,10,38,2000,0
460,10,38,2000,0
450,10,38,2000,0
440,10,38,2000,0
430,10,38,2000,0
420,10,38,2000,0
410,10,38,2000,0
400,10,38,2000,0
390,10,38,2000,0
380,10,38,2000,0
370,10,38,2000,0
360,10,38,2000,0
350,10,38,2000,0
340,10,38,2000,0
330,10,38,2000,0
320,10,38,2000,0
310,10,38,2000,0
300,10,38,2000,0
290,10,38,2000,1
280,10,38,2000,1
270,10,38,2000,1
260,10,38,2000,1
250,10,38,2000,1
240,10,38,2000,1
230,10,38,2000,1
220,10,38,2000,1
210,10,38,2000,1
200,10,38,2000,1
190,10,38,1090,1
180,10,38,1080,1
170,10,38,1070,1
160,10,38,1060,1
150,10,38,1050,1
140,10,38,1040,1
130,10,38,1030,1
120,10,38,1020,1
110,10,38,1010,1
100,10,38,1000,1
90,10,38,990,1
80,10,38,980,1
70,10,38,970,0
60,10,38,960,0
50,10,38,950,0
40,10,38,940,0
30,10,38,930,0
20,10,38,920,0
10,10,38,910,0
0,10,38,900,0
-10,10,38,890,0
-20,10,38,880,0
870,10,38,2000,0
860,10,38,2000,0
850,10,38,2000,0
840,10,38,2000,0
830,10,38,2000,0
820,10,38,2000,0
810,10,38,2000,0
800,10,38,2000,0
790,10,38,2000,0
780,10,38,2000,0
770,10,38,2000,0
760,10,38,2000,0
750,10,38,2000,0
740,10,38,2000,0
730,10,38,2000,0
720,10,38,2000,0
710,10,38,2000,0
700,10,38,2000,0
690,10,38,2000,0
680,10,38,2000,0
670,10,38,2000,0
660,10,38,2000,0
650,10,38,2000,0
640,10,38,2000,0
630,10,38,2000,0
620,10,38,2000,0
610,10,38,2000,0
600,10,38,2000,0
590,10,38,2000,0
580,10,38,2000,0
570,10,38,2000,0
560,10,38,2000,0
550,10,38,2000,0
540,10,38,2000,0
530,10,38,2000,0
520,10,38,2000,0
510,10,38,2000,0
500,10,38,2000,0
490,10,38,2000,0
480,10,38,2000,0
470,10,38,2000,0
460,10,38,2000,0
450,10,38,2000,0
440,10,38,2000,0
430,10,38,1090,0
420,10,38,1080,0
410,10,38,1070,0
400,10,38,1060,0
390,10,38,1050,0
380,10,38,1040,0
370,10,38,1030,0
360,10,38,1020,0
350,10,38,1010,0
340,10,38,1000,0
330,10,38,990,0
320,10,38,980,0
310,10,38,970,0
300,10,38,960,0
290,10,38,950,0
280,10,38,940,0
270,10,38,930,0
260,10,38,920,0
250,10,38,910,0
240,10,38,900,1
230,10,38,890,1
220,10,38,880,1
210,10,38,870,1
200,10,38,860,1
190,10,38,850,1
180,10,38,840,1
170,10,38,830,1
160,10,38,820,1
150,10,38,810,1
140,10,38,800,1
130,10,38,790,1
120,10,38,780,1
110,10,38,770,1
100,10,38,760,1
90,10,38,750,1
80,10,38,740,1
70,10,38,730,1
60,10,38,720,0
50,10,38,710,0
40,10,38,700,0
30,10,38,690,0
20,10,38,680,0
10,10,38,670,0
0,10,38,660,0
-10,10,38,650,0
-20,10,38,640,0
-30,10,38,630,0
-40,10,38,620,0
610,10,58,2000,0
600,10,58,2000,0
590,10,58,2000,0
580,10,58,2000,0
570,10,58,2000,0
560,10,58,2000,0
550,10,58,2000,0
540,10,58,2000,0
530,10,58,2000,0
520,10,58,2000,0
510,10,58,2000,0
500,10,58,2000,0
490,10,58,2000,0
480,10,58,2000,0
470,10,58,2000,0
460,10,58,2000,0
450,10,58,2000,0
440,10,58,2000,0
430,10,58,2000,0
420,10,58,2000,0
410,10,58,2000,0
400,10,58,2000,0
390,10,58,2000,0
380,10,58,2000,0
370,11,58,2000,0
359,11,58,2000,0
348,11,58,2000,0
337,11,58,2000,0
326,11,58,2000,0
315,11,58,2000,0
304,11,58,1089,0
293,11,58,1078,0
282,11,58,1067,0
271,11,58,1056,0
260,11,58,1045,0
249,11,58,1034,1
238,11,58,1023,1
227,11,58,1012,1
216,11,58,1001,1
205,11,58,990,1
194,11,58,979,1
183,11,58,968,1
172,11,58,957,1
161,11,58,946,1
150,11,58,935,1
139,11,58,924,1
128,11,58,913,1
117,11,58,902,1
106,11,58,891,1
95,11,58,880,0
84,11,58,869,0
73,11,58,858,0
62,11,58,847,0
51,11,58,836,0
40,11,58,825,0
29,11,58,814,0
18,11,58,803,0
7,11,58,792,0
-4,11,58,781,0
-15,11,58,770,0
-26,11,58,759,0
-37,11,58,748,0
-48,11,58,737,0
-59,11,58,726,0
-70,11,58,715,0
704,11,38,2000,0
693,11,38,2000,0
682,11,38,2000,0
671,11,38,2000,0
660,11,38,2000,0
649,11,38,2000,0
638,11,38,2000,0
627,11,38,2000,0
616,11,38,2000,0
605,11,38,2000,0
594,11,38,2000,0
583,11,38,2000,0
572,11,38,2000,0
561,11,38,2000,0
550,11,38,2000,0
539,11,38,2000,0
528,11,38,2000,0
517,11,38,2000,0
506,11,38,2000,0
495,11,38,2000,0
484,11,38,2000,0
473,11,38,2000,0
462,11,38,2000,0
451,11,38,2000,0
440,11,38,2000,0
429,11,38,2000,0
418,11,38,2000,0
407,11,38,2000,0
396,11,38,2000,0
385,11,38,2000,0
374,11,38,2000,0
363,11,38,2000,0
352,11,38,2000,0
341,11,38,2000,0
330,11,38,2000,0
319,11,38,2000,0
308,11,38,2000,0
297,11,38,2000,0
286,11,38,2000,0
275,11,38,2000,0
264,11,38,2000,0
253,11,38,2000,1
242,11,38,2000,1
231,11,38,2000,1
220,11,38,2000,1
209,11,38,2000,1
198,11,38,2000,1
187,11,38,2000,1
176,11,38,2000,1
165,11,38,2000,1
154,11,38,2000,1
143,11,38,2000,1
132,11,38,2000,1
121,11,38,2000,0
110,11,38,2000,0
99,11,38,2000,0
88,11,38,2000,0
77,11,38,2000,0
66,11,38,2000,0
55,11,38,2000,0
44,11,38,2000,0
33,11,38,2000,0
22,11,38,1089,0
11,11,38,1078,0
0,11,38,1067,0
-11,11,38,1056,0
-22,11,38,1045,0
-33,11,38,1034,0
-44,11,38,1023,0
-55,11,38,1012,0
-66,11,38,1001,0
990,11,38,2000,0
979,11,38,2000,0
968,11,38,2000,0
957,11,38,2000,0
946,11,38,2000,0
935,11,38,2000,0
924,11,38,2000,0
913,11,38,2000,0
902,11,38,2000,0
891,11,38,2000,0
880,11,38,2000,0
869,11,38,2000,0
858,11,38,2000,0
847,11,38,2000,0
836,11,38,2000,0
825,11,38,2000,0
814,11,38,2000,0
803,11,38,2000,0
792,11,38,2000,0
781,11,38,2000,0
770,11,38,2000,0
759,11,38,2000,0
748,11,38,2000,0
737,11,38,2000,0
726,11,38,2000,0
715,11,38,2000,0
704,11,38,2000,0
693,11,38,2000,0
682,11,38,2000,0
671,11,38,2000,0
660,11,38,2000,0
649,11,38,2000,0
638,11,38,2000,0
627,11,38,2000,0
616,11,38,2000,0
605,11,38,2000,0
594,11,38,2000,0
583,11,38,2000,0
572,11,38,2000,0
561,11,38,2000,0
550,11,38,2000,0
539,11,38,2000,0
528,11,38,2000,0
517,11,38,2000,0
506,11,38,2000,0
495,11,38,2000,0
484,11,38,2000,0
473,11,38,2000,0
462,11,38,2000,0
451,11,38,2000,0
440,11,38,2000,0
429,11,38,2000,0
418,11,38,2000,0
407,11,38,2000,0
396,11,38,2000,0
385,11,38,2000,0
374,11,38,2000,0
363,11,38,2000,0
352,11,38,2000,0
341,11,38,2000,0
330,11,38,2000,0
319,11,38,2000,0
308,11,38,2000,0
297,11,38,2000,0
286,11,38,2000,0
275,11,38,2000,0
264,11,38,2000,1
253,11,38,2000,1
242,11,38,2000,1
231,11,38,2000,1
220,11,38,2000,1
209,11,38,2000,1
198,11,38,2000,1
187,11,38,2000,1
176,11,38,2000,1
165,11,38,2000,1
154,11,38,2000,0
143,11,38,2000,0
132,11,38,2000,0
121,11,38,2000,0
110,11,38,2000,0
99,11,38,1089,0
88,11,38,1078,0
77,11,38,1067,0
66,11,38,1056,0
55,11,38,1045,0
44,11,38,1034,0
33,11,38,1023,0
22,11,38,1012,0
11,11,38,1001,0
0,11,38,990,0
-11,11,38,979,0
-22,11,38,968,0
-33,11,38,957,0
-44,11,38,946,0
935,11,123,2000,0
924,11,123,2000,0
913,11,123,2000,0
902,11,123,2000,0
891,11,123,2000,0
880,11,123,2000,0
869,11,123,2000,0
858,11,123,2000,0
847,11,123,2000,0
836,11,123,2000,0
825,11,123,2000,0
814,11,123,2000,0
803,11,123,2000,0
792,11,123,2000,0
781,11,123,2000,0
770,11,123,2000,0
759,11,123,2000,0
748,11,123,2000,0
737,11,123,2000,0
726,11,123,2000,0
715,11,123,2000,0
704,11,123,2000,0
693,11,123,2000,0
682,11,123,2000,0
671,11,123,2000,0
660,11,123,2000,0
649,11,123,2000,0
638,11,123,2000,0
627,11,123,2000,0
616,11,123,2000,0
605,11,123,2000,0
594,11,123,2000,0
583,11,123,2000,0
572,11,123,2000,0
561,11,123,2000,0
550,11,123,2000,0
539,11,123,2000,0
528,11,123,2000,0
517,11,123,2000,0
506,11,123,2000,0
495,11,123,2000,0
484,11,123,2000,0
473,11,123,2000,0
462,11,123,2000,0
451,11,123,2000,0
440,11,123,2000,0
429,11,123,2000,0
418,11,123,2000,0
407,11,123,2000,0
396,11,123,2000,0
385,11,123,2000,0
374,11,123,2000,0
363,11,123,2000,0
352,11,123,2000,0
341,11,123,2000,0
330,11,123,2000,0
319,11,123,2000,0
308,11,123,2000,0
297,11,123,2000,0
286,11,123,2000,0
275,11,123,2000,0
264,11,123,2000,0
253,11,123,2000,0
242,11,123,2000,0
231,11,123,2000,0
220,11,123,2000,0
209,11,123,2000,0
198,11,123,2000,0
187,11,123,2000,0
176,11,123,1089,0
165,11,123,1078,0
154,11,123,1067,0
143,11,123,1056,0
132,11,123,1045,0
121,11,123,1034,0
110,11,123,1023,0
99,11,123,1012,0
88,11,123,1001,0
77,11,123,990,0
66,11,123,979,0
55,11,123,968,0
44,11,123,957,0
33,11,123,946,0
22,11,123,935,0
11,11,123,924,0
0,11,123,913,0
-11,11,123,902,0
-22,11,123,891,0
-33,11,123,880,0
-44,11,123,869,0
-55,11,123,858,0
847,11,38,2000,0
836,11,38,2000,0
825,11,38,2000,0
814,11,38,2000,0
803,11,38,2000,0
792,11,38,2000,0
781,11,38,2000,0
770,11,38,2000,0
759,11,38,2000,0
748,11,38,2000,0
737,11,38,2000,0
726,11,38,2000,0
715,11,38,2000,0
704,11,38,2000,0
693,11,38,2000,0
682,11,38,2000,0
671,11,38,2000,0
660,11,38,2000,0
649,11,38,2000,0
638,11,38,2000,0
627,11,38,2000,0
616,11,38,2000,0
605,11,38,2000,0
594,11,38,2000,0
583,11,38,2000,0
572,11,38,2000,0
561,11,38,2000,0
550,11,38,2000,0
539,11,38,2000,0
528,11,38,2000,0
517,11,38,2000,0
506,11,38,2000,0
495,11,38,2000,0
484,11,38,2000,0
473,11,38,2000,0
462,11,38,2000,0
451,11,38,2000,0
440,11,38,2000,0
429,11,38,2000,0
418,11,38,2000,0
407,11,38,2000,0
396,11,38,2000,0
385,11,38,2000,0
374,11,38,2000,0
363,11,38,2000,0
352,11,38,2000,0
341,11,38,2000,0
330,11,38,2000,0
319,11,38,2000,0
308,11,38,2000,0
297,11,38,2000,0
286,11,38,2000,0
275,11,38,2000,0
264,11,38,2000,0
253,11,38,2000,1
242,11,38,2000,1
231,11,38,2000,1
220,11,38,2000,1
209,11,38,2000,1
198,11,38,2000,1
187,11,38,2000,1
176,11,38,2000,1
165,11,38,2000,1
154,11,38,2000,1
143,11,38,2000,1
132,11,38,1089,1
121,11,38,1078,0
110,11,38,1067,0
99,11,38,1056,0
88,11,38,1045,0
77,11,38,1034,0
66,11,38,1023,0
55,11,38,1012,0
44,11,38,1001,0
33,11,38,990,0
22,11,38,979,0
11,11,38,968,0
0,11,38,957,0
-11,11,38,946,0
-22,11,38,935,0
-33,11,38,924,0
-44,11,38,913,0
902,11,38,2000,0
891,11,38,2000,0
880,11,38,2000,0
869,11,38,2000,0
858,11,38,2000,0
847,11,38,2000,0
836,11,38,2000,0
825,11,38,2000,0
814,11,38,2000,0
803,11,38,2000,0
792,11,38,2000,0
781,11,38,2000,0
770,11,38,2000,0
759,11,38,2000,0
748,11,38,2000,0
737,11,38,2000,0
726,11,38,2000,0
715,11,38,2000,0
704,11,38,2000,0
693,11,38,2000,0
682,12,38,2000,0
670,12,38,2000,0
658,12,38,2000,0
646,12,38,2000,0
634,12,38,2000,0
622,12,38,2000,0
610,12,38,2000,0
598,12,38,2000,0
586,12,38,2000,0
574,12,38,2000,0
562,12,38,2000,0
550,12,38,2000,0
538,12,38,2000,0
526,12,38,2000,0
514,12,38,2000,0
502,12,38,2000,0
490,12,38,2000,0
478,12,38,2000,0
466,12,38,2000,0
454,12,38,2000,0
442,12,38,2000,0
430,12,38,2000,0
418,12,38,2000,0
406,12,38,2000,0
394,12,38,2000,0
382,12,38,2000,0
370,12,38,2000,0
358,12,38,2000,0
346,12,38,2000,0
334,12,38,2000,0
322,12,38,2000,0
310,12,38,2000,0
298,12,38,2000,0
286,12,38,2000,0
274,12,38,2000,0
262,12,38,2000,1
250,12,38,2000,1
238,12,38,2000,1
226,12,38,2000,1
214,12,38,2000,1
202,12,38,2000,1
190,12,38,2000,1
178,12,38,2000,1
166,12,38,2000,1
154,12,38,2000,1
142,12,38,2000,1
130,12,38,2000,1
118,12,38,2000,0
106,12,38,2000,0
94,12,38,2000,0
82,12,38,1088,0
70,12,38,1076,0
58,12,38,1064,0
46,12,38,1052,0
34,12,38,1040,0
22,12,38,1028,0
10,12,38,1016,0
-2,12,38,1004,0
-14,12,38,992,0
-26,12,38,980,0
-38,12,38,968,0
-50,12,38,956,0
-62,12,38,944,0
-74,12,38,932,0
920,12,58,2000,0
908,12,58,2000,0
896,12,58,2000,0
884,12,58,2000,0
872,12,58,2000,0
860,12,58,2000,0
848,12,58,2000,0
836,12,58,2000,0
824,12,58,2000,0
812,12,58,2000,0
800,12,58,2000,0
788,12,58,2000,0
776,12,58,2000,0
764,12,58,2000,0
752,12,58,2000,0
740,12,58,2000,0
728,12,58,2000,0
716,12,58,2000,0
704,12,58,2000,0
692,12,58,2000,0
680,12,58,2000,0
668,12,58,2000,0
656,12,58,2000,0
644,12,58,2000,0
632,12,58,2000,0
620,12,58,2000,0
608,12,58,2000,0
596,12,58,2000,0
584,12,58,2000,0
572,12,58,2000,0
560,12,58,2000,0
548,12,58,2000,0
536,12,58,2000,0
524,12,58,2000,0
512,12,58,2000,0
500,12,58,2000,0
488,12,58,2000,0
476,12,58,2000,0
464,12,58,2000,0
452,12,58,2000,0
440,12,58,2000,0
428,12,58,2000,0
416,12,58,2000,0
404,12,58,2000,0
392,12,58,2000,0
380,12,58,2000,0
368,12,58,2000,0
356,12,58,2000,0
344,12,58,2000,0
332,12,58,2000,0
320,12,58,2000,0
308,12,58,2000,0
296,12,58,2000,1
284,12,58,2000,1
272,12,58,2000,1
260,12,58,2000,1
248,12,58,2000,1
236,12,58,2000,1
224,12,58,2000,1
212,12,58,2000,1
200,12,58,2000,1
188,12,58,2000,1
176,12,58,2000,1
164,12,58,2000,1
152,12,58,2000,1
140,12,58,2000,1
128,12,58,1088,1
116,12,58,1076,1
104,12,58,1064,1
92,12,58,1052,1
80,12,58,1040,1
68,12,58,1028,1
56,12,58,1016,0
44,12,58,1004,0
32,12,58,992,0
20,12,58,980,0
8,12,58,968,0
-4,12,58,956,0
-16,12,58,944,0
-28,12,58,932,0
-40,12,58,920,0
-52,12,58,908,0
-64,12,58,896,0
-76,12,58,884,0
872,12,38,2000,0
860,12,38,2000,0
848,12,38,2000,0
836,12,38,2000,0
824,12,38,2000,0
812,12,38,2000,0
800,12,38,2000,0
788,12,38,2000,0
776,12,38,2000,0
764,12,38,2000,0
752,12,38,2000,0
740,12,38,2000,0
728,12,38,2000,0
716,12,38,2000,0
704,12,38,2000,0
692,12,38,2000,0
680,12,38,2000,0
668,12,38,2000,0
656,12,38,2000,0
644,12,38,2000,0
632,12,38,2000,0
620,12,38,2000,0
608,12,38,2000,0
596,12,38,2000,0
584,12,38,2000,0
572,12,38,2000,0
560,12,38,2000,0
548,12,38,1088,0
536,12,38,1076,0
524,12,38,1064,0
512,12,38,1052,0
500,12,38,1040,0
488,12,38,1028,0
476,12,38,1016,0
464,12,38,1004,0
452,12,38,992,0
440,12,38,980,0
428,12,38,968,0
416,12,38,956,0
404,12,38,944,0
392,12,38,932,0
380,12,38,920,0
368,12,38,908,0
356,12,38,896,0
344,12,38,884,0
332,12,38,872,0
320,12,38,860,0
308,12,38,848,0
296,12,38,836,0
284,12,38,824,0
272,12,38,812,0
260,12,38,800,0
248,12,38,788,1
236,12,38,776,1
224,12,38,764,1
212,12,38,752,1
200,12,38,740,1
188,12,38,728,1
176,12,38,716,1
164,12,38,704,1
152,12,38,692,1
140,12,38,680,1
128,12,38,668,1
116,12,38,656,1
104,12,38,644,1
92,12,38,632,0
80,12,38,620,0
68,12,38,608,0
56,12,38,596,0
44,12,38,584,0
32,12,38,572,0
20,12,38,560,0
8,12,38,548,0
-4,12,38,536,0
-16,12,38,524,0
-28,12,38,512,0
-40,12,38,500,0
488,12,38,2000,0
476,12,38,2000,0
464,12,38,2000,0
452,12,38,2000,0
440,12,38,2000,0
428,12,38,2000,0
416,12,38,2000,0
404,12,38,2000,0
392,12,38,2000,0
380,12,38,2000,0
368,12,38,2000,0
356,12,38,2000,0
344,12,38,2000,0
332,12,38,2000,0
320,12,38,2000,0
308,12,38,2000,1
296,12,38,2000,1
284,12,38,2000,1
272,12,38,2000,1
260,12,38,2000,1
248,12,38,2000,1
236,12,38,2000,1
224,12,38,2000,1
212,12,38,2000,1
200,12,38,2000,1
188,12,38,1088,1
176,12,38,1076,1
164,12,38,1064,1
152,12,38,1052,1
140,12,38,1040,1
128,12,38,1028,1
116,12,38,1016,1
104,12,38,1004,1
92,12,38,992,1
80,12,38,980,1
68,12,38,968,0
56,12,38,956,0
44,12,38,944,0
32,12,38,932,0
20,12,38,920,0
8,12,38,908,0
-4,12,38,896,0
-16,12,38,884,0
-28,12,38,872,0
-40,12,38,860,0
848,12,123,2000,0
836,12,123,2000,0
824,12,123,2000,0
812,12,123,2000,0
800,12,123,2000,0
788,12,123,2000,0
776,12,123,2000,0
764,12,123,2000,0
752,12,123,2000,0
740,12,123,2000,0
728,12,123,2000,0
716,12,123,2000,0
704,12,123,2000,0
692,12,123,2000,0
680,12,123,2000,0
668,12,123,2000,0
656,12,123,2000,0
644,12,123,2000,0
632,12,123,2000,0
620,12,123,2000,0
608,12,123,2000,0
596,12,123,2000,0
584,12,123,2000,0
572,12,123,2000,0
560,12,123,2000,0
548,12,123,2000,0
536,12,123,2000,0
524,12,123,2000,0
512,12,123,2000,0
500,12,123,2000,0
488,12,123,2000,0
476,12,123,2000,0
464,12,123,2000,0
452,12,123,2000,0
440,12,123,2000,0
428,12,123,2000,0
416,12,123,2000,0
404,12,123,2000,0
392,12,123,2000,0
380,12,123,2000,0
368,12,123,2000,0
356,12,123,2000,0
344,12,123,2000,0
332,12,123,2000,0
320,12,123,2000,0
308,12,123,2000,0
296,12,123,2000,0
284,12,123,2000,0
272,12,123,2000,0
260,12,123,2000,0
248,12,123,2000,0
236,12,123,2000,0
224,12,123,2000,0
212,12,123,2000,0
200,12,123,2000,0
188,12,123,2000,0
176,12,123,2000,0
164,12,123,2000,0
152,12,123,2000,0
140,12,123,2000,0
128,12,123,2000,0
116,12,123,2000,0
104,12,123,2000,0
92,12,123,1088,0
80,12,123,1076,0
68,12,123,1064,0
56,12,123,1052,0
44,12,123,1040,0
32,12,123,1028,0
20,12,123,1016,0
8,12,123,1004,0
-4,12,123,992,0
-16,12,123,980,0
-28,12,123,968,0
-40,12,123,956,0
-52,12,123,944,0
932,12,58,2000,0
920,12,58,2000,0
908,12,58,2000,0
896,12,58,2000,0
884,12,58,2000,0
872,12,58,2000,0
860,12,58,2000,0
848,12,58,2000,0
836,12,58,2000,0
824,12,58,2000,0
812,12,58,2000,0
800,12,58,2000,0
788,12,58,2000,0
776,12,58,2000,0
764,12,58,2000,0
752,12,58,2000,0
740,12,58,2000,0
728,12,58,2000,0
716,12,58,2000,0
704,12,58,2000,0
692,12,58,2000,0
680,12,58,2000,0
668,12,58,2000,0
656,12,58,2000,0
644,12,58,2000,0
632,12,58,2000,0
620,12,58,2000,0
608,12,58,2000,0
596,12,58,2000,0
584,12,58,2000,0
572,12,58,2000,0
560,12,58,2000,0
548,12,58,2000,0
536,12,58,2000,0
524,12,58,2000,0
512,12,58,2000,0
500,12,58,2000,0
488,12,58,2000,0
476,12,58,2000,0
464,12,58,2000,0
452,12,58,2000,0
440,12,58,2000,0
428,12,58,2000,0
416,12,58,2000,0
404,12,58,2000,0
392,12,58,2000,0
380,12,58,2000,0
368,12,58,2000,0
356,12,58,2000,0
344,12,58,2000,0
332,12,58,2000,0
320,12,58,2000,0
308,12,58,2000,0
296,12,58,2000,0
284,13,58,2000,0
271,13,58,2000,1
258,13,58,2000,1
245,13,58,2000,1
232,13,58,2000,1
219,13,58,2000,1
206,13,58,2000,1
193,13,58,2000,1
180,13,58,2000,1
167,13,58,2000,1
154,13,58,2000,1
141,13,58,2000,1
128,13,58,2000,1
115,13,58,2000,1
102,13,58,2000,1
89,13,58,2000,1
76,13,58,2000,0
63,13,58,1087,0
50,13,58,1074,0
37,13,58,1061,0
24,13,58,1048,0
11,13,58,1035,0
-2,13,58,1022,0
-15,13,58,1009,0
-28,13,58,996,0
-41,13,58,983,0
-54,13,58,970,0
-67,13,58,957,0
944,13,38,2000,0
931,13,38,2000,0
918,13,38,2000,0
905,13,38,2000,0
892,13,38,2000,0
879,13,38,2000,0
866,13,38,2000,0
853,13,38,2000,0
840,13,38,2000,0
827,13,38,2000,0
814,13,38,2000,0
801,13,38,2000,0
788,13,38,2000,0
775,13,38,2000,0
762,13,38,2000,0
749,13,38,2000,0
736,13,38,2000,0
723,13,38,2000,0
710,13,38,2000,0
697,13,38,2000,0
684,13,38,2000,0
671,13,38,2000,0
658,13,38,2000,0
645,13,38,2000,0
632,13,38,2000,0
619,13,38,2000,0
606,13,38,2000,0
593,13,38,2000,0
580,13,38,2000,0
567,13,38,2000,0
554,13,38,2000,0
541,13,38,2000,0
528,13,38,2000,0
515,13,38,2000,0
502,13,38,2000,0
489,13,38,2000,0
476,13,38,2000,0
463,13,38,2000,0
450,13,38,2000,0
437,13,38,2000,0
424,13,38,2000,0
411,13,38,2000,0
398,13,38,2000,0
385,13,38,2000,0
372,13,38,2000,0
359,13,38,2000,0
346,13,38,2000,0
333,13,38,2000,1
320,13,38,2000,1
307,13,38,2000,1
294,13,38,2000,1
281,13,38,2000,1
268,13,38,2000,1
255,13,38,2000,1
242,13,38,2000,1
229,13,38,2000,1
216,13,38,2000,1
203,13,38,2000,1
190,13,38,2000,1
177,13,38,1087,1
164,13,38,1074,1
151,13,38,1061,1
138,13,38,1048,1
125,13,38,1035,1
112,13,38,1022,1
99,13,38,1009,1
86,13,38,996,1
73,13,38,983,1
60,13,38,970,1
47,13,38,957,1
34,13,38,944,1
21,13,38,931,0
8,13,38,918,0
-5,13,38,905,0
-18,13,38,892,0
879,13,38,2000,0
866,13,38,2000,0
853,13,38,2000,0
840,13,38,2000,0
827,13,38,2000,0
814,13,38,2000,0
801,13,38,2000,0
788,13,38,2000,0
775,13,38,2000,0
762,13,38,2000,0
749,13,38,2000,0
736,13,38,2000,0
723,13,38,2000,0
710,13,38,2000,0
697,13,38,2000,0
684,13,38,2000,0
671,13,38,2000,0
658,13,38,2000,0
645,13,38,2000,0
632,13,38,2000,0
619,13,38,2000,0
606,13,38,2000,0
593,13,38,2000,0
580,13,38,2000,0
567,13,38,2000,0
554,13,38,2000,0
541,13,38,2000,0
528,13,38,2000,0
515,13,38,2000,0
502,13,38,2000,0
489,13,38,2000,0
476,13,38,2000,0
463,13,38,2000,0
450,13,38,2000,0
437,13,38,2000,0
424,13,38,1087,0
411,13,38,1074,0
398,13,38,1061,0
385,13,38,1048,0
372,13,38,1035,0
359,13,38,1022,0
346,13,38,1009,0
333,13,38,996,0
320,13,38,983,0
307,13,38,970,0
294,13,38,957,0
281,13,38,944,0
268,13,38,931,0
255,13,38,918,1
242,13,38,905,1
229,13,38,892,1
216,13,38,879,1
203,13,38,866,1
190,13,38,853,1
177,13,38,840,1
164,13,38,827,1
151,13,38,814,1
138,13,38,801,1
125,13,38,788,1
112,13,38,775,1
99,13,38,762,1
86,13,38,749,1
73,13,38,736,0
60,13,38,723,0
47,13,38,710,0
34,13,38,697,0
21,13,38,684,0
8,13,38,671,0
-5,13,38,658,0
-18,13,38,645,0
-31,13,38,632,0
-44,13,38,619,0
-57,13,38,606,0
-70,13,38,593,0
580,13,38,2000,0
567,13,38,2000,0
554,13,38,2000,0
541,13,38,2000,0
528,13,38,2000,0
515,13,38,2000,0
502,13,38,2000,0
489,13,38,2000,0
476,13,38,2000,0
463,13,38,2000,0
450,13,38,2000,0
437,13,38,2000,0
424,13,38,2000,0
411,13,38,1087,0
398,13,38,1074,0
385,13,38,1061,0
372,13,38,1048,0
359,13,38,1035,0
346,13,38,1022,0
333,13,38,1009,0
320,13,38,996,0
307,13,38,983,0
294,13,38,970,0
281,13,38,957,0
268,13,38,944,1
255,13,38,931,1
242,13,38,918,1
229,13,38,905,1
216,13,38,892,1
203,13,38,879,1
190,13,38,866,1
177,13,38,853,1
164,13,38,840,1
151,13,38,827,1
138,13,38,814,1
125,13,38,801,1
112,13,38,788,1
99,13,38,775,1
86,13,38,762,1
73,13,38,749,1
60,13,38,736,0
47,13,38,723,0
34,13,38,710,0
21,13,38,697,0
8,13,38,684,0
-5,13,38,671,0
-18,13,38,658,0
-31,13,38,645,0
-44,13,38,632,0
-57,13,38,619,0
-70,13,38,606,0
593,13,38,2000,0
580,13,38,2000,0
567,13,38,2000,0
554,13,38,2000,0
541,13,38,2000,0
528,13,38,2000,0
515,13,38,2000,0
502,13,38,2000,0
489,13,38,2000,0
476,13,38,2000,0
463,13,38,2000,0
450,13,38,2000,0
437,13,38,2000,0
424,13,38,2000,0
411,13,38,2000,0
398,13,38,2000,0
385,13,38,2000,0
372,13,38,2000,0
359,13,38,2000,0
346,13,38,2000,0
333,13,38,2000,0
320,13,38,2000,0
307,13,38,2000,0
294,13,38,2000,0
281,13,38,2000,0
268,13,38,2000,1
255,13,38,2000,1
242,13,38,2000,1
229,13,38,1087,1
216,13,38,1074,1
203,13,38,1061,1
190,13,38,1048,1
177,13,38,1035,1
164,13,38,1022,1
151,13,38,1009,1
138,13,38,996,0
125,13,38,983,0
112,13,38,970,0
99,13,38,957,0
86,13,38,944,0
73,13,38,931,0
60,13,38,918,0
47,13,38,905,0
34,13,38,892,0
21,13,38,879,0
8,13,38,866,0
-5,13,38,853,0
-18,13,38,840,0
-31,13,38,827,0
-44,13,38,814,0
801,13,83,2000,0
788,13,83,2000,0
775,13,83,2000,0
762,13,83,2000,0
749,13,83,2000,0
736,13,83,2000,0
723,13,83,2000,0
710,13,83,2000,0
697,13,83,2000,0
684,13,83,2000,0
671,13,83,2000,0
658,13,83,2000,0
645,13,83,2000,0
632,13,83,2000,0
619,13,83,2000,0
606,13,83,2000,0
593,13,83,2000,0
580,13,83,2000,0
567,13,83,2000,0
554,13,83,1087,0
541,13,83,1074,0
528,13,83,1061,0
515,13,83,1048,0
502,13,83,1035,0
489,13,83,1022,0
476,13,83,1009,0
463,13,83,996,0
450,13,83,983,0
437,13,83,970,0
424,13,83,957,0
411,13,83,944,0
398,13,83,931,0
385,13,83,918,0
372,13,83,905,0
359,13,83,892,0
346,13,83,879,0
333,13,83,866,0
320,13,83,853,0
307,13,83,840,0
294,13,83,827,0
281,13,83,814,0
268,13,83,801,0
255,13,83,788,0
242,13,83,775,0
229,13,83,762,0
216,13,83,749,0
203,13,83,736,0
190,13,83,723,0
177,13,83,710,0
164,13,83,697,0
151,13,83,684,0
138,13,83,671,0
125,13,83,658,0
112,13,83,645,0
99,13,83,632,0
86,13,83,619,0
73,13,83,606,0
60,13,83,593,0
47,13,83,580,0
34,13,83,567,0
21,13,83,554,0
8,13,83,541,0
-5,13,83,528,0
-18,13,83,515,0
-31,13,83,502,0
-44,13,83,489,0
-57,13,83,476,0
463,13,38,2000,0
450,13,38,2000,0
437,13,38,2000,0
424,13,38,2000,0
411,13,38,2000,0
398,13,38,2000,0
385,13,38,2000,0
372,13,38,2000,0
359,13,38,2000,0
346,13,38,2000,0
333,13,38,2000,0
320,13,38,2000,0
307,13,38,2000,0
294,13,38,2000,1
281,13,38,2000,1
268,13,38,2000,1
255,13,38,2000,1
242,13,38,2000,1
229,13,38,2000,1
216,13,38,2000,1
203,13,38,2000,1
190,13,38,2000,1
177,13,38,2000,1
164,13,38,2000,0
151,13,38,2000,0
138,13,38,2000,0
125,13,38,2000,0
112,13,38,2000,0
99,13,38,2000,0
86,13,38,1087,0
73,13,38,1074,0
60,13,38,1061,0
47,13,38,1048,0
34,13,38,1035,0
21,13,38,1022,0
8,13,38,1009,0
-5,13,38,996,0
-18,13,38,983,0
970,13,38,2000,0
957,13,38,2000,0
944,13,38,2000,0
931,13,38,2000,0
918,13,38,2000,0
905,13,38,2000,0
892,13,38,2000,0
879,13,38,2000,0
866,13,38,2000,0
853,13,38,2000,0
840,13,38,2000,0
827,13,38,2000,0
814,13,38,2000,0
801,13,38,2000,0
788,13,38,2000,0
775,13,38,2000,0
762,13,38,2000,0
749,14,38,2000,0
735,14,38,2000,0
721,14,38,2000,0
707,14,38,2000,0
693,14,38,2000,0
679,14,38,2000,0
665,14,38,2000,0
651,14,38,2000,0
637,14,38,2000,0
623,14,38,2000,0
609,14,38,2000,0
595,14,38,2000,0
581,14,38,2000,0
567,14,38,2000,0
553,14,38,2000,0
539,14,38,2000,0
525,14,38,2000,0
511,14,38,2000,0
497,14,38,2000,0
483,14,38,2000,0
469,14,38,2000,0
455,14,38,2000,0
441,14,38,2000,0
427,14,38,2000,0
413,14,38,2000,0
399,14,38,2000,0
385,14,38,2000,0
371,14,38,2000,0
357,14,38,2000,0
343,14,38,2000,0
329,14,38,2000,0
315,14,38,2000,0
301,14,38,2000,0
287,14,38,2000,0
273,14,38,2000,0
259,14,38,2000,1
245,14,38,2000,1
231,14,38,2000,1
217,14,38,2000,1
203,14,38,2000,1
189,14,38,2000,1
175,14,38,2000,1
161,14,38,1086,1
147,14,38,1072,1
133,14,38,1058,1
119,14,38,1044,1
105,14,38,1030,0
91,14,38,1016,0
77,14,38,1002,0
63,14,38,988,0
49,14,38,974,0
35,14,38,960,0
21,14,38,946,0
7,14,38,932,0
-7,14,38,918,0
-21,14,38,904,0
-35,14,38,890,0
-49,14,38,876,0
862,14,58,2000,0
848,14,58,2000,0
834,14,58,2000,0
820,14,58,2000,0
806,14,58,2000,0
792,14,58,2000,0
778,14,58,2000,0
764,14,58,2000,0
750,14,58,2000,0
736,14,58,2000,0
722,14,58,2000,0
708,14,58,2000,0
694,14,58,2000,0
680,14,58,2000,0
666,14,58,2000,0
652,14,58,2000,0
638,14,58,2000,0
624,14,58,2000,0
610,14,58,2000,0
596,14,58,2000,0
582,14,58,2000,0
568,14,58,2000,0
554,14,58,2000,0
540,14,58,2000,0
526,14,58,2000,0
512,14,58,2000,0
498,14,58,2000,0
484,14,58,2000,0
470,14,58,2000,0
456,14,58,2000,0
442,14,58,2000,0
428,14,58,2000,0
414,14,58,2000,0
400,14,58,2000,0
386,14,58,2000,0
372,14,58,2000,0
358,14,58,2000,0
344,14,58,2000,0
330,14,58,2000,0
316,14,58,2000,1
302,14,58,2000,1
288,14,58,2000,1
274,14,58,2000,1
260,14,58,2000,1
246,14,58,2000,1
232,14,58,2000,1
218,14,58,2000,1
204,14,58,2000,1
190,14,58,2000,1
176,14,58,1086,1
162,14,58,1072,1
148,14,58,1058,1
134,14,58,1044,1
120,14,58,1030,1
106,14,58,1016,1
92,14,58,1002,1
78,14,58,988,0
64,14,58,974,0
50,14,58,960,0
36,14,58,946,0
22,14,58,932,0
8,14,58,918,0
-6,14,58,904,0
-20,14,58,890,0
-34,14,58,876,0
-48,14,58,862,0
-62,14,58,848,0
-76,14,58,834,0
820,14,38,2000,0
806,14,38,2000,0
792,14,38,2000,0
778,14,38,2000,0
764,14,38,2000,0
750,14,38,2000,0
736,14,38,2000,0
722,14,38,2000,0
708,14,38,2000,0
694,14,38,2000,0
680,14,38,2000,0
666,14,38,2000,0
652,14,38,2000,0
638,14,38,2000,0
624,14,38,2000,0
610,14,38,2000,0
596,14,38,2000,0
582,14,38,2000,0
568,14,38,2000,0
554,14,38,2000,0
540,14,38,2000,0
526,14,38,2000,0
512,14,38,2000,0
498,14,38,2000,0
484,14,38,2000,0
470,14,38,2000,0
456,14,38,2000,0
442,14,38,2000,0
428,14,38,2000,0
414,14,38,2000,0
400,14,38,2000,0
386,14,38,2000,1
372,14,38,2000,1
358,14,38,2000,1
344,14,38,2000,1
330,14,38,2000,1
316,14,38,2000,1
302,14,38,2000,1
288,14,38,2000,1
274,14,38,2000,1
260,14,38,2000,1
246,14,38,2000,1
232,14,38,2000,1
218,14,38,2000,1
204,14,38,2000,1
190,14,38,2000,1
176,14,38,2000,1
162,14,38,2000,1
148,14,38,2000,1
134,14,38,2000,1
120,14,38,2000,1
106,14,38,2000,1
92,14,38,2000,1
78,14,38,2000,1
64,14,38,1086,1
50,14,38,1072,1
36,14,38,1058,1
22,14,38,1044,1
8,14,38,1030,1
-6,14,38,1016,1
-20,14,38,1002,1
-34,14,38,988,1
-48,14,38,974,1
-62,14,38,960,0
-76,14,38,946,0
932,14,38,2000,0
918,14,38,2000,0
904,14,38,2000,0
890,14,38,2000,0
876,14,38,2000,0
862,14,38,2000,0
848,14,38,2000,0
834,14,38,2000,0
820,14,38,2000,0
806,14,38,2000,0
792,14,38,2000,0
778,14,38,2000,0
764,14,38,2000,0
750,14,38,2000,0
736,14,38,2000,0
722,14,38,2000,0
708,14,38,2000,0
694,14,38,2000,0
680,14,38,2000,0
666,14,38,2000,0
652,14,38,2000,0
638,14,38,2000,0
624,14,38,2000,0
610,14,38,1086,0
596,14,38,1072,0
582,14,38,1058,0
568,14,38,1044,0
554,14,38,1030,0
540,14,38,1016,0
526,14,38,1002,0
512,14,38,988,0
498,14,38,974,0
484,14,38,960,0
470,14,38,946,0
456,14,38,932,0
442,14,38,918,0
428,14,38,904,0
414,14,38,890,0
400,14,38,876,0
386,14,38,862,0
372,14,38,848,0
358,14,38,834,0
344,14,38,820,0
330,14,38,806,0
316,14,38,792,0
302,14,38,778,0
288,14,38,764,1
274,14,38,750,1
260,14,38,736,1
246,14,38,722,1
232,14,38,708,1
218,14,38,694,1
204,14,38,680,1
190,14,38,666,1
176,14,38,652,1
162,14,38,638,1
148,14,38,624,1
134,14,38,610,1
120,14,38,596,0
106,14,38,582,0
92,14,38,568,0
78,14,38,554,0
64,14,38,540,0
50,14,38,526,0
36,14,38,512,0
22,14,38,498,0
8,14,38,484,0
-6,14,38,470,0
-20,14,38,456,0
442,14,58,2000,0
428,14,58,2000,0
414,14,58,2000,0
400,14,58,2000,0
386,14,58,2000,0
372,14,58,2000,0
358,14,58,2000,0
344,14,58,2000,1
330,14,58,2000,1
316,14,58,2000,1
302,14,58,2000,1
288,14,58,2000,1
274,14,58,2000,1
260,14,58,2000,1
246,14,58,2000,1
232,14,58,2000,1
218,14,58,2000,1
204,14,58,2000,1
190,14,58,2000,1
176,14,58,2000,1
162,14,58,2000,1
148,14,58,2000,0
134,14,58,2000,0
120,14,58,2000,0
106,14,58,2000,0
92,14,58,1086,0
78,14,58,1072,0
64,14,58,1058,0
50,14,58,1044,0
36,14,58,1030,0
22,14,58,1016,0
8,14,58,1002,0
-6,14,58,988,0
-20,14,58,974,0
-34,14,58,960,0
-48,14,58,946,0
-62,14,58,932,0
-76,14,58,918,0
904,14,58,2000,0
890,14,58,2000,0
876,14,58,2000,0
862,14,58,2000,0
848,14,58,2000,0
834,14,58,2000,0
820,14,58,2000,0
806,14,58,2000,0
792,14,58,2000,0
778,14,58,2000,0
764,14,58,2000,0
750,14,58,2000,0
736,14,58,2000,0
722,14,58,2000,0
708,14,58,2000,0
694,14,58,2000,0
680,14,58,2000,0
666,14,58,2000,0
652,14,58,2000,0
638,14,58,2000,0
624,14,58,2000,0
610,14,58,2000,0
596,14,58,2000,0
582,14,58,2000,0
568,14,58,2000,0
554,14,58,2000,0
540,14,58,2000,0
526,14,58,2000,0
512,14,58,2000,0
498,14,58,2000,0
484,14,58,2000,0
470,14,58,2000,0
456,14,58,2000,0
442,14,58,2000,0
428,14,58,2000,0
414,14,58,2000,0
400,14,58,2000,0
386,14,58,2000,0
372,14,58,2000,0
358,14,58,2000,0
344,14,58,2000,0
330,14,58,2000,0
316,14,58,2000,0
302,14,58,2000,0
288,14,58,2000,0
274,14,58,2000,1
260,14,58,2000,1
246,14,58,2000,1
232,14,58,2000,1
218,14,58,2000,1
204,14,58,2000,1
190,14,58,2000,1
176,14,58,2000,1
162,14,58,2000,1
148,14,58,2000,1
134,14,58,2000,1
120,14,58,2000,0
106,14,58,2000,0
92,14,58,2000,0
78,14,58,2000,0
64,14,58,2000,0
50,14,58,2000,0
36,14,58,2000,0
22,14,58,2000,0
8,14,58,2000,0
-6,14,58,2000,0
-20,14,58,2000,0
-34,14,58,1086,0
-48,14,58,1072,0
-62,14,58,1058,0
-76,14,58,1044,0
1030,14,123,2000,0
1016,14,123,2000,0
1002,14,123,2000,0
988,14,123,2000,0
974,14,123,2000,0
960,14,123,2000,0
946,14,123,2000,0
932,14,123,2000,0
918,14,123,2000,0
904,14,123,2000,0
890,14,123,2000,0
876,14,123,2000,0
862,14,123,2000,0
848,14,123,2000,0
834,14,123,2000,0
820,14,123,2000,0
806,14,123,2000,0
792,14,123,2000,0
778,14,123,2000,0
764,14,123,2000,0
750,14,123,2000,0
736,14,123,2000,0
722,14,123,2000,0
708,14,123,2000,0
694,14,123,2000,0
680,14,123,2000,0
666,14,123,2000,0
652,14,123,2000,0
638,14,123,2000,0
624,14,123,2000,0
610,14,123,2000,0
596,15,123,2000,0
581,15,123,2000,0
566,15,123,2000,0
551,15,123,2000,0
536,15,123,2000,0
521,15,123,2000,0
506,15,123,2000,0
491,15,123,2000,0
476,15,123,2000,0
461,15,123,1085,0
446,15,123,1070,0
431,15,123,1055,0
416,15,123,1040,0
401,15,123,1025,0
386,15,123,1010,0
371,15,123,995,0
356,15,123,980,0
341,15,123,965,0
326,15,123,950,0
311,15,123,935,0
296,15,123,920,0
281,15,123,905,0
266,15,123,890,0
251,15,123,875,0
236,15,123,860,0
221,15,123,845,0
206,15,123,830,0
191,15,123,815,0
176,15,123,800,0
161,15,123,785,0
146,15,123,770,0
131,15,123,755,0
116,15,123,740,0
101,15,123,725,0
86,15,123,710,0
71,15,123,695,0
56,15,123,680,0
41,15,123,665,0
26,15,123,650,0
11,15,123,635,0
-4,15,123,620,0
-19,15,123,605,0
-34,15,123,590,0
-49,15,123,575,0
560,15,58,2000,0
545,15,58,2000,0
530,15,58,2000,0
515,15,58,2000,0
500,15,58,2000,0
485,15,58,2000,0
470,15,58,1085,0
455,15,58,1070,0
440,15,58,1055,1
425,15,58,1040,1
410,15,58,1025,1
395,15,58,1010,1
380,15,58,995,1
365,15,58,980,1
350,15,58,965,1
335,15,58,950,1
320,15,58,935,1
305,15,58,920,1
290,15,58,905,1
275,15,58,890,1
260,15,58,875,1
245,15,58,860,1
230,15,58,845,1
215,15,58,830,1
200,15,58,815,1
185,15,58,800,1
170,15,58,785,1
155,15,58,770,1
140,15,58,755,1
125,15,58,740,1
110,15,58,725,1
95,15,58,710,1
80,15,58,695,1
65,15,58,680,1
50,15,58,665,1
35,15,58,650,1
1500,10,0,2000,0
1090,10,38,2000,0
1080,10,38,2000,0
1070,10,38,2000,0
1060,10,38,2000,0
1050,10,38,2000,0
1040,10,38,2000,0
1030,10,38,2000,0
1020,10,38,2000,0
1010,10,38,2000,0
1000,10,38,2000,0
990,10,38,2000,0
980,10,38,2000,0
970,10,38,2000,0
960,10,38,2000,0
950,10,38,2000,0
940,10,38,2000,0
930,10,38,2000,0
920,10,38,2000,0
910,10,38,2000,0
900,10,38,2000,0
890,10,38,2000,0
880,10,38,2000,0
870,10,38,2000,0
860,10,38,2000,0
