1500,10,0,2000
1090,10,58,2000
1080,10,58,2000
1070,10,58,2000
1060,10,58,2000
1050,10,58,2000
1040,10,58,2000
1030,10,58,2000
1020,10,58,2000
1010,10,58,2000
1000,10,58,2000
990,10,58,2000
980,10,58,2000
970,10,58,2000
960,10,58,2000
950,10,58,2000
940,10,58,2000
930,10,58,2000
920,10,58,2000
910,10,58,2000
900,10,58,2000
890,10,58,2000
880,10,58,2000
870,10,58,2000
860,10,58,2000
850,10,58,2000
840,10,58,2000
830,10,58,2000
820,10,58,2000
810,10,58,2000
800,10,58,2000
790,10,58,2000
780,10,58,2000
770,10,58,2000
760,10,58,2000
750,10,58,2000
740,10,58,2000
730,10,58,2000
720,10,58,2000
710,10,58,2000
700,10,58,2000
690,10,58,2000
680,10,58,2000
670,10,58,2000
660,10,58,2000
650,10,58,2000
640,10,58,2000
630,10,58,2000
620,10,58,2000
610,10,58,2000
600,10,58,2000
590,10,58,2000
580,10,58,2000
570,10,58,2000
560,10,58,2000
550,10,58,2000
540,10,58,2000
530,10,58,2000
520,10,58,2000
510,10,58,2000
500,10,58,2000
490,10,58,2000
480,10,58,2000
470,10,58,2000
460,10,58,2000
450,10,58,2000
440,10,58,2000
430,10,58,2000
420,10,58,2000
410,10,58,2000
400,10,58,2000
390,10,58,2000
380,10,58,2000
370,10,58,2000
360,10,58,2000
350,10,58,2000
340,10,58,2000
330,10,58,2000
320,10,58,2000
310,10,58,2000
300,10,58,2000
290,10,58,2000
280,10,58,2000
270,10,58,2000
260,10,58,2000
250,10,58,2000
240,10,58,2000
230,10,58,2000
220,10,58,2000
210,10,58,2000
200,10,58,2000
190,10,58,2000
180,10,58,2000
170,10,58,2000
160,10,58,2000
150,10,58,2000
140,10,58,2000
130,10,58,2000
120,10,58,2000
110,10,58,2000
100,10,58,2000
90,10,58,2000
80,10,58,2000
70,10,58,1090
60,10,58,1080
50,10,58,1070
40,10,58,1060
30,10,58,1050
20,10,58,1040
10,10,58,1030
0,10,58,1020
-10,10,58,1010
-20,10,58,1000
-30,10,58,990
-40,10,58,980
-50,10,58,970
-60,10,58,960
-70,10,58,950
940,10,38,2000
930,10,38,2000
920,10,38,2000
910,10,38,2000
900,10,38,2000
890,10,38,2000
880,10,38,2000
870,10,38,2000
860,10,38,2000
850,10,38,2000
840,10,38,2000
830,10,38,2000
820,10,38,2000
810,10,38,2000
800,10,38,2000
790,10,38,2000
780,10,38,2000
770,10,38,2000
760,10,38,2000
750,10,38,2000
740,10,38,2000
730,10,38,2000
720,10,38,2000
710,10,38,2000
700,10,38,2000
690,10,38,2000
680,10,38,2000
670,10,38,2000
660,10,38,2000
650,10,38,2000
640,10,38,2000
630,10,38,2000
620,10,38,2000
610,10,38,2000
600,10,38,2000
590,10,38,2000
580,10,38,2000
570,10,38,2000
560,10,38,2000
550,10,38,2000
540,10,38,2000
530,10,38,2000
520,10,38,2000
510,10,38,2000
500,10,38,2000
490,10,38,2000
480,10,38,2000
470,10,38,2000
460,10,38,2000
450,10,38,2000
440,10,38,2000
430,10,38,2000
420,10,38,2000
410,10,38,2000
400,10,38,2000
390,10,38,2000
380,10,38,2000
370,10,38,2000
360,10,38,2000
350,10,38,2000
340,10,38,2000
330,10,38,2000
320,10,38,2000
310,10,38,2000
300,10,38,2000
290,10,38,2000
280,10,38,2000
270,10,38,2000
260,10,38,2000
250,10,38,1090
240,10,38,1080
230,10,38,1070
220,10,38,1060
210,10,38,1050
200,10,38,1040
190,10,38,1030
180,10,38,1020
170,10,38,1010
160,10,38,1000
150,10,38,990
140,10,38,980
130,10,38,970
120,10,38,960
110,10,38,950
100,10,38,940
90,10,38,930
80,10,38,920
70,10,38,910
60,10,38,900
50,10,38,890
40,10,38,880
30,10,38,870
20,10,38,860
10,10,38,850
0,10,38,840
-10,10,38,830
-20,10,38,820
-30,10,38,810
-40,10,38,800
-50,10,38,790
-60,10,38,780
-70,10,38,770
760,10,83,2000
750,10,83,2000
740,10,83,2000
730,10,83,2000
720,10,83,2000
710,10,83,2000
700,10,83,2000
690,10,83,2000
680,10,83,2000
670,10,83,2000
660,10,83,2000
650,10,83,2000
640,10,83,2000
630,10,83,2000
620,10,83,2000
610,10,83,2000
600,10,83,2000
590,10,83,2000
580,10,83,2000
570,10,83,2000
560,10,83,2000
550,10,83,2000
540,10,83,2000
530,10,83,2000
520,10,83,2000
510,10,83,2000
500,10,83,2000
490,10,83,2000
480,10,83,2000
470,10,83,2000
460,10,83,2000
450,10,83,2000
440,10,83,2000
430,10,83,2000
420,10,83,2000
410,10,83,2000
400,10,83,2000
390,10,83,2000
380,10,83,2000
370,10,83,2000
360,10,83,2000
350,10,83,2000
340,10,83,2000
330,10,83,2000
320,10,83,2000
310,10,83,2000
300,10,83,2000
290,10,83,2000
280,10,83,2000
270,10,83,1090
260,10,83,1080
250,10,83,1070
240,10,83,1060
230,10,83,1050
220,10,83,1040
210,10,83,1030
200,10,83,1020
190,10,83,1010
180,10,83,1000
170,10,83,990
160,10,83,980
150,10,83,970
140,10,83,960
130,10,83,950
120,10,83,940
110,10,83,930
100,10,83,920
90,10,83,910
80,10,83,900
70,10,83,890
60,10,83,880
50,10,83,870
40,10,83,860
30,10,83,850
20,10,83,840
10,10,83,830
0,10,83,820
-10,10,83,810
-20,10,83,800
-30,10,83,790
-40,10,83,780
-50,10,83,770
-60,10,83,760
750,10,38,2000
740,10,38,2000
730,10,38,2000
720,10,38,2000
710,10,38,2000
700,10,38,2000
690,10,38,2000
680,10,38,2000
670,10,38,2000
660,10,38,2000
650,10,38,2000
640,10,38,2000
630,10,38,2000
620,10,38,2000
610,10,38,2000
600,10,38,2000
590,10,38,2000
580,10,38,2000
570,10,38,2000
560,10,38,2000
550,10,38,2000
540,10,38,2000
530,10,38,2000
520,10,38,2000
510,10,38,2000
500,10,38,2000
490,10,38,2000
480,10,38,2000
470,10,38,2000
460,10,38,2000
450,10,38,2000
440,10,38,2000
430,10,38,2000
420,10,38,2000
410,10,38,2000
400,10,38,2000
390,10,38,2000
380,10,38,2000
370,10,38,2000
360,10,38,2000
350,10,38,2000
340,10,38,2000
330,10,38,2000
320,10,38,2000
310,10,38,1090
300,10,38,1080
290,10,38,1070
280,10,38,1060
270,10,38,1050
260,10,38,1040
250,10,38,1030
240,10,38,1020
230,10,38,1010
220,10,38,1000
210,10,38,990
200,10,38,980
190,10,38,970
180,10,38,960
170,10,38,950
160,10,38,940
150,10,38,930
140,10,38,920
130,10,38,910
120,10,38,900
110,10,38,890
100,10,38,880
90,10,38,870
80,10,38,860
70,10,38,850
60,10,38,840
50,10,38,830
40,10,38,820
30,10,38,810
20,10,38,800
10,10,38,790
0,10,38,780
-10,10,38,770
-20,10,38,760
750,10,38,2000
740,10,38,2000
730,10,38,2000
720,10,38,2000
710,10,38,2000
700,10,38,2000
690,10,38,2000
680,10,38,2000
670,10,38,2000
660,10,38,2000
650,10,38,2000
640,10,38,2000
630,10,38,2000
620,10,38,2000
610,10,38,2000
600,10,38,2000
590,10,38,2000
580,10,38,2000
570,10,38,2000
560,11,38,2000
549,11,38,2000
538,11,38,2000
527,11,38,2000
516,11,38,2000
505,11,38,2000
494,11,38,2000
483,11,38,2000
472,11,38,2000
461,11,38,2000
450,11,38,2000
439,11,38,2000
428,11,38,2000
417,11,38,2000
406,11,38,2000
395,11,38,2000
384,11,38,2000
373,11,38,2000
362,11,38,2000
351,11,38,2000
340,11,38,2000
329,11,38,2000
318,11,38,2000
307,11,38,2000
296,11,38,2000
285,11,38,2000
274,11,38,2000
263,11,38,2000
252,11,38,2000
241,11,38,2000
230,11,38,2000
219,11,38,2000
208,11,38,2000
197,11,38,2000
186,11,38,2000
175,11,38,2000
164,11,38,2000
153,11,38,2000
142,11,38,2000
131,11,38,2000
120,11,38,2000
109,11,38,2000
98,11,38,2000
87,11,38,2000
76,11,38,2000
65,11,38,1089
54,11,38,1078
43,11,38,1067
32,11,38,1056
21,11,38,1045
10,11,38,1034
-1,11,38,1023
-12,11,38,1012
-23,11,38,1001
990,11,83,2000
979,11,83,2000
968,11,83,2000
957,11,83,2000
946,11,83,2000
935,11,83,2000
924,11,83,2000
913,11,83,2000
902,11,83,2000
891,11,83,2000
880,11,83,2000
869,11,83,2000
858,11,83,2000
847,11,83,2000
836,11,83,2000
825,11,83,2000
814,11,83,2000
803,11,83,2000
792,11,83,2000
781,11,83,2000
770,11,83,2000
759,11,83,2000
748,11,83,2000
737,11,83,2000
726,11,83,2000
715,11,83,2000
704,11,83,2000
693,11,83,2000
682,11,83,2000
671,11,83,2000
660,11,83,2000
649,11,83,2000
638,11,83,2000
627,11,83,2000
616,11,83,2000
605,11,83,2000
594,11,83,2000
583,11,83,2000
572,11,83,2000
561,11,83,2000
550,11,83,2000
539,11,83,2000
528,11,83,2000
517,11,83,2000
506,11,83,2000
495,11,83,2000
484,11,83,2000
473,11,83,2000
462,11,83,2000
451,11,83,2000
440,11,83,2000
429,11,83,2000
418,11,83,2000
407,11,83,2000
396,11,83,2000
385,11,83,2000
374,11,83,2000
363,11,83,2000
352,11,83,2000
341,11,83,2000
330,11,83,2000
319,11,83,2000
308,11,83,2000
297,11,83,2000
286,11,83,2000
275,11,83,2000
264,11,83,2000
253,11,83,2000
242,11,83,2000
231,11,83,2000
220,11,83,2000
209,11,83,2000
198,11,83,2000
187,11,83,2000
176,11,83,2000
165,11,83,1089
154,11,83,1078
143,11,83,1067
132,11,83,1056
121,11,83,1045
110,11,83,1034
99,11,83,1023
88,11,83,1012
77,11,83,1001
66,11,83,990
55,11,83,979
44,11,83,968
33,11,83,957
22,11,83,946
11,11,83,935
0,11,83,924
-11,11,83,913
-22,11,83,902
-33,11,83,891
-44,11,83,880
-55,11,83,869
858,11,38,2000
847,11,38,2000
836,11,38,2000
825,11,38,2000
814,11,38,2000
803,11,38,2000
792,11,38,2000
781,11,38,2000
770,11,38,2000
759,11,38,2000
748,11,38,2000
737,11,38,2000
726,11,38,2000
715,11,38,2000
704,11,38,2000
693,11,38,2000
682,11,38,2000
671,11,38,2000
660,11,38,2000
649,11,38,2000
638,11,38,2000
627,11,38,2000
616,11,38,2000
605,11,38,2000
594,11,38,2000
583,11,38,2000
572,11,38,2000
561,11,38,2000
550,11,38,2000
539,11,38,2000
528,11,38,2000
517,11,38,2000
506,11,38,2000
495,11,38,2000
484,11,38,2000
473,11,38,2000
462,11,38,2000
451,11,38,2000
440,11,38,2000
429,11,38,2000
418,11,38,2000
407,11,38,2000
396,11,38,2000
385,11,38,2000
374,11,38,2000
363,11,38,2000
352,11,38,2000
341,11,38,2000
330,11,38,2000
319,11,38,2000
308,11,38,2000
297,11,38,2000
286,11,38,2000
275,11,38,2000
264,11,38,2000
253,11,38,2000
242,11,38,2000
231,11,38,2000
220,11,38,2000
209,11,38,2000
198,11,38,2000
187,11,38,2000
176,11,38,2000
165,11,38,2000
154,11,38,2000
143,11,38,2000
132,11,38,2000
121,11,38,2000
110,11,38,1089
99,11,38,1078
88,11,38,1067
77,11,38,1056
66,11,38,1045
55,11,38,1034
44,11,38,1023
33,11,38,1012
22,11,38,1001
11,11,38,990
0,11,38,979
-11,11,38,968
-22,11,38,957
-33,11,38,946
-44,11,38,935
-55,11,38,924
-66,11,38,913
902,11,38,2000
891,11,38,2000
880,11,38,2000
869,11,38,2000
858,11,38,2000
847,11,38,2000
836,11,38,2000
825,11,38,2000
814,11,38,2000
803,11,38,2000
792,11,38,2000
781,11,38,2000
770,11,38,2000
759,11,38,2000
748,11,38,2000
737,11,38,2000
726,11,38,2000
715,11,38,2000
704,11,38,2000
693,11,38,2000
682,11,38,2000
671,11,38,2000
660,11,38,2000
649,11,38,2000
638,11,38,2000
627,11,38,2000
616,11,38,2000
605,11,38,2000
594,11,38,2000
583,11,38,2000
572,11,38,2000
561,11,38,2000
550,11,38,2000
539,11,38,2000
528,11,38,2000
517,11,38,2000
506,11,38,2000
495,11,38,2000
484,11,38,2000
473,11,38,2000
462,11,38,2000
451,11,38,2000
440,11,38,2000
429,11,38,2000
418,11,38,2000
407,11,38,2000
396,11,38,2000
385,11,38,2000
374,11,38,2000
363,11,38,2000
352,11,38,2000
341,11,38,2000
330,11,38,2000
319,11,38,2000
308,11,38,1089
297,11,38,1078
286,11,38,1067
275,11,38,1056
264,11,38,1045
253,11,38,1034
242,11,38,1023
231,11,38,1012
220,11,38,1001
209,11,38,990
198,11,38,979
187,11,38,968
176,11,38,957
165,11,38,946
154,11,38,935
143,11,38,924
132,11,38,913
121,11,38,902
110,11,38,891
99,11,38,880
88,11,38,869
77,11,38,858
66,11,38,847
55,11,38,836
44,11,38,825
33,11,38,814
22,11,38,803
11,11,38,792
0,11,38,781
-11,11,38,770
-22,11,38,759
-33,11,38,748
-44,11,38,737
726,11,38,2000
715,11,38,2000
704,11,38,2000
693,11,38,2000
682,11,38,2000
671,11,38,2000
660,11,38,2000
649,11,38,2000
638,11,38,2000
627,11,38,2000
616,11,38,2000
605,11,38,2000
594,11,38,2000
583,11,38,2000
572,11,38,2000
561,11,38,2000
550,11,38,2000
539,11,38,1089
528,11,38,1078
517,11,38,1067
506,11,38,1056
495,11,38,1045
484,11,38,1034
473,11,38,1023
462,11,38,1012
451,11,38,1001
440,11,38,990
429,11,38,979
418,11,38,968
407,11,38,957
396,11,38,946
385,11,38,935
374,11,38,924
363,11,38,913
352,11,38,902
341,11,38,891
330,11,38,880
319,11,38,869
308,11,38,858
297,11,38,847
286,11,38,836
275,11,38,825
264,11,38,814
253,11,38,803
242,11,38,792
231,11,38,781
220,11,38,770
209,11,38,759
198,11,38,748
187,11,38,737
176,11,38,726
165,11,38,715
154,11,38,704
143,11,38,693
132,11,38,682
121,11,38,671
110,11,38,660
99,11,38,649
88,11,38,638
77,11,38,627
66,11,38,616
55,11,38,605
44,11,38,594
33,11,38,583
22,11,38,572
11,11,38,561
0,11,38,550
-11,11,38,539
-22,11,38,528
517,11,58,2000
506,11,58,2000
495,11,58,2000
484,11,58,2000
473,11,58,2000
462,11,58,2000
451,11,58,2000
440,11,58,2000
429,11,58,2000
418,12,58,2000
406,12,58,2000
394,12,58,2000
382,12,58,2000
370,12,58,2000
358,12,58,2000
346,12,58,2000
334,12,58,2000
322,12,58,2000
310,12,58,2000
298,12,58,2000
286,12,58,2000
274,12,58,2000
262,12,58,2000
250,12,58,2000
238,12,58,2000
226,12,58,2000
214,12,58,2000
202,12,58,2000
190,12,58,2000
178,12,58,2000
166,12,58,2000
154,12,58,2000
142,12,58,2000
130,12,58,2000
118,12,58,2000
106,12,58,2000
94,12,58,2000
82,12,58,2000
70,12,58,2000
58,12,58,2000
46,12,58,2000
34,12,58,2000
22,12,58,2000
10,12,58,2000
-2,12,58,2000
-14,12,58,2000
-26,12,58,1088
1076,12,58,2000
1064,12,58,2000
1052,12,58,2000
1040,12,58,2000
1028,12,58,2000
1016,12,58,2000
1004,12,58,2000
992,12,58,2000
980,12,58,2000
968,12,58,2000
956,12,58,2000
944,12,58,2000
932,12,58,2000
920,12,58,2000
908,12,58,2000
896,12,58,2000
884,12,58,2000
872,12,58,2000
860,12,58,2000
848,12,58,2000
836,12,58,2000
824,12,58,2000
812,12,58,2000
800,12,58,2000
788,12,58,2000
776,12,58,2000
764,12,58,2000
752,12,58,2000
740,12,58,2000
728,12,58,2000
716,12,58,2000
704,12,58,2000
692,12,58,2000
680,12,58,2000
668,12,58,2000
656,12,58,2000
644,12,58,2000
632,12,58,2000
620,12,58,2000
608,12,58,2000
596,12,58,2000
584,12,58,2000
572,12,58,2000
560,12,58,2000
548,12,58,2000
536,12,58,2000
524,12,58,2000
512,12,58,2000
500,12,58,2000
488,12,58,2000
476,12,58,2000
464,12,58,2000
452,12,58,2000
440,12,58,2000
428,12,58,2000
416,12,58,2000
404,12,58,2000
392,12,58,2000
380,12,58,2000
368,12,58,2000
356,12,58,2000
344,12,58,2000
332,12,58,2000
320,12,58,2000
308,12,58,2000
296,12,58,2000
284,12,58,2000
272,12,58,2000
260,12,58,2000
248,12,58,2000
236,12,58,2000
224,12,58,2000
212,12,58,2000
200,12,58,2000
188,12,58,2000
176,12,58,2000
164,12,58,2000
152,12,58,1088
140,12,58,1076
128,12,58,1064
116,12,58,1052
104,12,58,1040
92,12,58,1028
80,12,58,1016
68,12,58,1004
56,12,58,992
44,12,58,980
32,12,58,968
20,12,58,956
8,12,58,944
-4,12,58,932
-16,12,58,920
-28,12,58,908
896,12,58,2000
884,12,58,2000
872,12,58,2000
860,12,58,2000
848,12,58,2000
836,12,58,2000
824,12,58,2000
812,12,58,2000
800,12,58,2000
788,12,58,2000
776,12,58,2000
764,12,58,2000
752,12,58,2000
740,12,58,2000
728,12,58,2000
716,12,58,2000
704,12,58,2000
692,12,58,2000
680,12,58,2000
668,12,58,2000
656,12,58,2000
644,12,58,2000
632,12,58,2000
620,12,58,2000
608,12,58,2000
596,12,58,2000
584,12,58,2000
572,12,58,2000
560,12,58,2000
548,12,58,2000
536,12,58,2000
524,12,58,2000
512,12,58,2000
500,12,58,1088
488,12,58,1076
476,12,58,1064
464,12,58,1052
452,12,58,1040
440,12,58,1028
428,12,58,1016
416,12,58,1004
404,12,58,992
392,12,58,980
380,12,58,968
368,12,58,956
356,12,58,944
344,12,58,932
332,12,58,920
320,12,58,908
308,12,58,896
296,12,58,884
284,12,58,872
272,12,58,860
260,12,58,848
248,12,58,836
236,12,58,824
224,12,58,812
212,12,58,800
200,12,58,788
188,12,58,776
176,12,58,764
164,12,58,752
152,12,58,740
140,12,58,728
128,12,58,716
116,12,58,704
104,12,58,692
92,12,58,680
80,12,58,668
68,12,58,656
56,12,58,644
44,12,58,632
32,12,58,620
20,12,58,608
8,12,58,596
-4,12,58,584
-16,12,58,572
-28,12,58,560
548,12,123,2000
536,12,123,2000
524,12,123,2000
512,12,123,2000
500,12,123,2000
488,12,123,2000
476,12,123,2000
464,12,123,2000
452,12,123,2000
440,12,123,2000
428,12,123,2000
416,12,123,2000
404,12,123,2000
392,12,123,2000
380,12,123,2000
368,12,123,2000
356,12,123,2000
344,12,123,2000
332,12,123,2000
320,12,123,2000
308,12,123,2000
296,12,123,2000
284,12,123,2000
272,12,123,2000
260,12,123,2000
248,12,123,2000
236,12,123,2000
224,12,123,2000
212,12,123,2000
200,12,123,2000
188,12,123,2000
176,12,123,2000
164,12,123,2000
152,12,123,2000
140,12,123,2000
128,12,123,1088
116,12,123,1076
104,12,123,1064
92,12,123,1052
80,12,123,1040
68,12,123,1028
56,12,123,1016
44,12,123,1004
32,12,123,992
20,12,123,980
8,12,123,968
-4,12,123,956
-16,12,123,944
-28,12,123,932
-40,12,123,920
-52,12,123,908
896,12,38,2000
884,12,38,2000
872,12,38,2000
860,12,38,2000
848,12,38,2000
836,12,38,2000
824,12,38,2000
812,12,38,2000
800,12,38,2000
788,12,38,2000
776,12,38,2000
764,12,38,2000
752,12,38,2000
740,12,38,2000
728,12,38,2000
716,12,38,2000
704,12,38,2000
692,12,38,2000
680,12,38,2000
668,12,38,2000
656,12,38,2000
644,12,38,2000
632,12,38,2000
620,12,38,2000
608,12,38,2000
596,12,38,2000
584,12,38,2000
572,12,38,2000
560,12,38,2000
548,12,38,2000
536,12,38,2000
524,12,38,2000
512,12,38,2000
500,12,38,2000
488,12,38,2000
476,12,38,2000
464,12,38,2000
452,12,38,2000
440,12,38,2000
428,12,38,2000
416,12,38,2000
404,12,38,2000
392,12,38,2000
380,12,38,2000
368,12,38,2000
356,12,38,2000
344,12,38,2000
332,12,38,2000
320,12,38,2000
308,12,38,2000
296,12,38,2000
284,12,38,2000
272,12,38,2000
260,12,38,2000
248,12,38,2000
236,12,38,2000
224,12,38,2000
212,12,38,2000
200,12,38,2000
188,12,38,2000
176,12,38,2000
164,12,38,2000
152,12,38,2000
140,12,38,2000
128,12,38,2000
116,12,38,2000
104,12,38,2000
92,12,38,2000
80,12,38,2000
68,12,38,2000
56,12,38,2000
44,12,38,2000
32,12,38,2000
20,12,38,2000
8,12,38,1088
-4,12,38,1076
-16,12,38,1064
1052,12,58,2000
1040,12,58,2000
1028,12,58,2000
1016,12,58,2000
1004,12,58,2000
992,12,58,2000
980,12,58,2000
968,12,58,2000
956,12,58,2000
944,12,58,2000
932,12,58,2000
920,12,58,2000
908,12,58,2000
896,12,58,2000
884,12,58,2000
872,12,58,2000
860,12,58,2000
848,12,58,2000
836,12,58,2000
824,12,58,2000
812,12,58,2000
800,12,58,2000
788,12,58,2000
776,12,58,2000
764,12,58,2000
752,12,58,2000
740,12,58,2000
728,12,58,2000
716,12,58,2000
704,12,58,2000
692,12,58,2000
680,12,58,2000
668,12,58,2000
656,12,58,2000
644,12,58,2000
632,12,58,2000
620,12,58,2000
608,12,58,2000
596,12,58,2000
584,12,58,2000
572,12,58,2000
560,12,58,2000
548,12,58,1088
536,12,58,1076
524,12,58,1064
512,12,58,1052
500,12,58,1040
488,12,58,1028
476,12,58,1016
464,12,58,1004
452,12,58,992
440,12,58,980
428,12,58,968
416,12,58,956
404,12,58,944
392,12,58,932
380,12,58,920
368,12,58,908
356,12,58,896
344,12,58,884
332,12,58,872
320,12,58,860
308,12,58,848
296,13,58,836
283,13,58,823
270,13,58,810
257,13,58,797
244,13,58,784
231,13,58,771
218,13,58,758
205,13,58,745
192,13,58,732
179,13,58,719
166,13,58,706
153,13,58,693
140,13,58,680
127,13,58,667
114,13,58,654
101,13,58,641
88,13,58,628
75,13,58,615
62,13,58,602
49,13,58,589
36,13,58,576
23,13,58,563
10,13,58,550
-3,13,58,537
-16,13,58,524
-29,13,58,511
498,13,83,2000
485,13,83,2000
472,13,83,2000
459,13,83,2000
446,13,83,2000
433,13,83,2000
420,13,83,2000
407,13,83,1087
394,13,83,1074
381,13,83,1061
368,13,83,1048
355,13,83,1035
342,13,83,1022
329,13,83,1009
316,13,83,996
303,13,83,983
290,13,83,970
277,13,83,957
264,13,83,944
251,13,83,931
238,13,83,918
225,13,83,905
212,13,83,892
199,13,83,879
186,13,83,866
173,13,83,853
160,13,83,840
147,13,83,827
134,13,83,814
121,13,83,801
108,13,83,788
95,13,83,775
82,13,83,762
69,13,83,749
56,13,83,736
43,13,83,723
30,13,83,710
17,13,83,697
4,13,83,684
-9,13,83,671
-22,13,83,658
-35,13,83,645
-48,13,83,632
-61,13,83,619
606,13,38,2000
593,13,38,2000
580,13,38,2000
567,13,38,2000
554,13,38,2000
541,13,38,2000
528,13,38,2000
515,13,38,2000
502,13,38,2000
489,13,38,2000
476,13,38,2000
463,13,38,2000
450,13,38,2000
437,13,38,2000
424,13,38,2000
411,13,38,2000
398,13,38,2000
385,13,38,2000
372,13,38,2000
359,13,38,2000
346,13,38,2000
333,13,38,2000
320,13,38,2000
307,13,38,2000
294,13,38,2000
281,13,38,2000
268,13,38,2000
255,13,38,2000
242,13,38,2000
229,13,38,2000
216,13,38,2000
203,13,38,2000
190,13,38,2000
177,13,38,2000
164,13,38,2000
151,13,38,2000
138,13,38,2000
125,13,38,2000
112,13,38,2000
99,13,38,1087
86,13,38,1074
73,13,38,1061
60,13,38,1048
47,13,38,1035
34,13,38,1022
21,13,38,1009
8,13,38,996
-5,13,38,983
-18,13,38,970
-31,13,38,957
-44,13,38,944
-57,13,38,931
-70,13,38,918
905,13,38,2000
892,13,38,2000
879,13,38,2000
866,13,38,2000
853,13,38,2000
840,13,38,2000
827,13,38,2000
814,13,38,2000
801,13,38,2000
788,13,38,2000
775,13,38,2000
762,13,38,2000
749,13,38,2000
736,13,38,2000
723,13,38,2000
710,13,38,2000
697,13,38,2000
684,13,38,2000
671,13,38,2000
658,13,38,2000
645,13,38,2000
632,13,38,2000
619,13,38,2000
606,13,38,2000
593,13,38,2000
580,13,38,2000
567,13,38,2000
554,13,38,2000
541,13,38,2000
528,13,38,2000
515,13,38,2000
502,13,38,2000
489,13,38,2000
476,13,38,2000
463,13,38,2000
450,13,38,2000
437,13,38,2000
424,13,38,2000
411,13,38,2000
398,13,38,2000
385,13,38,2000
372,13,38,2000
359,13,38,2000
346,13,38,2000
333,13,38,2000
320,13,38,2000
307,13,38,2000
294,13,38,1087
281,13,38,1074
268,13,38,1061
255,13,38,1048
242,13,38,1035
229,13,38,1022
216,13,38,1009
203,13,38,996
190,13,38,983
177,13,38,970
164,13,38,957
151,13,38,944
138,13,38,931
125,13,38,918
112,13,38,905
99,13,38,892
86,13,38,879
73,13,38,866
60,13,38,853
47,13,38,840
34,13,38,827
21,13,38,814
8,13,38,801
-5,13,38,788
-18,13,38,775
-31,13,38,762
-44,13,38,749
736,13,38,2000
723,13,38,2000
710,13,38,2000
697,13,38,2000
684,13,38,2000
671,13,38,2000
658,13,38,2000
645,13,38,2000
632,13,38,2000
619,13,38,2000
606,13,38,2000
593,13,38,2000
580,13,38,2000
567,13,38,2000
554,13,38,2000
541,13,38,2000
528,13,38,2000
515,13,38,2000
502,13,38,2000
489,13,38,2000
476,13,38,2000
463,13,38,2000
450,13,38,2000
437,13,38,2000
424,13,38,2000
411,13,38,2000
398,13,38,2000
385,13,38,2000
372,13,38,2000
359,13,38,2000
346,13,38,2000
333,13,38,2000
320,13,38,2000
307,13,38,2000
294,13,38,2000
281,13,38,2000
268,13,38,2000
255,13,38,2000
242,13,38,2000
229,13,38,2000
216,13,38,2000
203,13,38,2000
190,13,38,2000
177,13,38,1087
164,13,38,1074
151,13,38,1061
138,13,38,1048
125,13,38,1035
112,13,38,1022
99,13,38,1009
86,13,38,996
73,13,38,983
60,13,38,970
47,13,38,957
34,13,38,944
21,13,38,931
8,13,38,918
-5,13,38,905
-18,13,38,892
-31,13,38,879
-44,13,38,866
853,13,38,2000
840,13,38,2000
827,13,38,2000
814,13,38,2000
801,13,38,2000
788,13,38,2000
775,13,38,2000
762,13,38,2000
749,13,38,2000
736,13,38,2000
723,13,38,2000
710,13,38,2000
697,13,38,2000
684,13,38,2000
671,13,38,2000
658,13,38,2000
645,13,38,2000
632,13,38,2000
619,13,38,2000
606,13,38,2000
593,13,38,2000
580,13,38,2000
567,13,38,2000
554,13,38,2000
541,13,38,2000
528,13,38,2000
515,13,38,2000
502,13,38,2000
489,13,38,2000
476,13,38,2000
463,13,38,1087
450,13,38,1074
437,13,38,1061
424,13,38,1048
411,13,38,1035
398,13,38,1022
385,13,38,1009
372,13,38,996
359,13,38,983
346,13,38,970
333,13,38,957
320,13,38,944
307,13,38,931
294,13,38,918
281,13,38,905
268,13,38,892
255,13,38,879
242,13,38,866
229,13,38,853
216,13,38,840
203,13,38,827
190,13,38,814
177,13,38,801
164,13,38,788
151,13,38,775
138,13,38,762
125,13,38,749
112,13,38,736
99,13,38,723
86,13,38,710
73,13,38,697
60,13,38,684
47,13,38,671
34,13,38,658
21,13,38,645
8,13,38,632
-5,13,38,619
-18,13,38,606
-31,13,38,593
-44,13,38,580
-57,13,38,567
-70,13,38,554
541,13,38,2000
528,13,38,2000
515,13,38,2000
502,13,38,2000
489,13,38,2000
476,13,38,2000
463,13,38,2000
450,13,38,2000
437,13,38,2000
424,13,38,2000
411,13,38,2000
398,13,38,2000
385,13,38,2000
372,13,38,2000
359,13,38,2000
346,13,38,2000
333,13,38,2000
320,13,38,2000
307,13,38,2000
294,13,38,2000
281,13,38,2000
268,13,38,2000
255,13,38,2000
242,13,38,2000
229,13,38,2000
216,13,38,2000
203,13,38,2000
190,13,38,2000
177,13,38,2000
164,13,38,2000
151,13,38,2000
138,13,38,2000
125,13,38,2000
112,13,38,2000
99,13,38,2000
86,13,38,2000
73,13,38,1087
60,13,38,1074
47,13,38,1061
34,13,38,1048
21,13,38,1035
8,13,38,1022
-5,13,38,1009
-18,13,38,996
983,13,58,2000
970,13,58,2000
957,13,58,2000
944,13,58,2000
931,13,58,2000
918,13,58,2000
905,13,58,2000
892,13,58,2000
879,13,58,2000
866,13,58,2000
853,13,58,2000
840,13,58,2000
827,13,58,2000
814,13,58,2000
801,13,58,2000
788,13,58,2000
775,13,58,2000
762,13,58,2000
749,13,58,2000
736,13,58,2000
723,13,58,2000
710,13,58,2000
697,13,58,2000
684,13,58,2000
671,13,58,2000
658,13,58,2000
645,14,58,2000
631,14,58,2000
617,14,58,2000
603,14,58,2000
589,14,58,2000
575,14,58,2000
561,14,58,2000
547,14,58,2000
533,14,58,2000
519,14,58,2000
505,14,58,2000
491,14,58,2000
477,14,58,2000
463,14,58,2000
449,14,58,2000
435,14,58,2000
421,14,58,2000
407,14,58,2000
393,14,58,2000
379,14,58,2000
365,14,58,2000
351,14,58,2000
337,14,58,2000
323,14,58,2000
309,14,58,2000
295,14,58,2000
281,14,58,2000
267,14,58,2000
253,14,58,2000
239,14,58,2000
225,14,58,2000
211,14,58,2000
197,14,58,2000
183,14,58,1086
169,14,58,1072
155,14,58,1058
141,14,58,1044
127,14,58,1030
113,14,58,1016
99,14,58,1002
85,14,58,988
71,14,58,974
57,14,58,960
43,14,58,946
29,14,58,932
15,14,58,918
1,14,58,904
-13,14,58,890
-27,14,58,876
862,14,38,2000
848,14,38,2000
834,14,38,2000
820,14,38,2000
806,14,38,2000
792,14,38,2000
778,14,38,2000
764,14,38,2000
750,14,38,2000
736,14,38,2000
722,14,38,2000
708,14,38,2000
694,14,38,2000
680,14,38,2000
666,14,38,2000
652,14,38,2000
638,14,38,2000
624,14,38,2000
610,14,38,2000
596,14,38,2000
582,14,38,2000
568,14,38,2000
554,14,38,2000
540,14,38,2000
526,14,38,2000
512,14,38,2000
498,14,38,2000
484,14,38,2000
470,14,38,2000
456,14,38,2000
442,14,38,2000
428,14,38,2000
414,14,38,2000
400,14,38,1086
386,14,38,1072
372,14,38,1058
358,14,38,1044
344,14,38,1030
330,14,38,1016
316,14,38,1002
302,14,38,988
288,14,38,974
274,14,38,960
260,14,38,946
246,14,38,932
232,14,38,918
218,14,38,904
204,14,38,890
190,14,38,876
176,14,38,862
162,14,38,848
148,14,38,834
134,14,38,820
120,14,38,806
106,14,38,792
92,14,38,778
78,14,38,764
64,14,38,750
50,14,38,736
36,14,38,722
22,14,38,708
8,14,38,694
-6,14,38,680
-20,14,38,666
-34,14,38,652
-48,14,38,638
624,14,38,2000
610,14,38,2000
596,14,38,2000
582,14,38,2000
568,14,38,2000
554,14,38,2000
540,14,38,2000
526,14,38,2000
512,14,38,2000
498,14,38,2000
484,14,38,2000
470,14,38,2000
456,14,38,2000
442,14,38,2000
428,14,38,2000
414,14,38,2000
400,14,38,2000
386,14,38,2000
372,14,38,2000
358,14,38,2000
344,14,38,2000
330,14,38,2000
316,14,38,2000
302,14,38,2000
288,14,38,2000
274,14,38,2000
260,14,38,2000
246,14,38,2000
232,14,38,2000
218,14,38,2000
204,14,38,2000
190,14,38,2000
176,14,38,2000
162,14,38,2000
148,14,38,2000
134,14,38,2000
120,14,38,2000
106,14,38,2000
92,14,38,2000
78,14,38,2000
64,14,38,2000
50,14,38,2000
36,14,38,2000
22,14,38,1086
8,14,38,1072
-6,14,38,1058
-20,14,38,1044
-34,14,38,1030
-48,14,38,1016
1002,14,38,2000
988,14,38,2000
974,14,38,2000
960,14,38,2000
946,14,38,2000
932,14,38,2000
918,14,38,2000
904,14,38,2000
890,14,38,2000
876,14,38,2000
862,14,38,2000
848,14,38,2000
834,14,38,2000
820,14,38,2000
806,14,38,2000
792,14,38,2000
778,14,38,2000
764,14,38,2000
750,14,38,2000
736,14,38,2000
722,14,38,2000
708,14,38,2000
694,14,38,2000
680,14,38,2000
666,14,38,2000
652,14,38,2000
638,14,38,2000
624,14,38,2000
610,14,38,2000
596,14,38,2000
582,14,38,2000
568,14,38,2000
554,14,38,2000
540,14,38,2000
526,14,38,2000
512,14,38,2000
498,14,38,2000
484,14,38,2000
470,14,38,2000
456,14,38,2000
442,14,38,2000
428,14,38,2000
414,14,38,2000
400,14,38,2000
386,14,38,2000
372,14,38,2000
358,14,38,1086
344,14,38,1072
330,14,38,1058
316,14,38,1044
302,14,38,1030
288,14,38,1016
274,14,38,1002
260,14,38,988
246,14,38,974
232,14,38,960
218,14,38,946
204,14,38,932
190,14,38,918
176,14,38,904
162,14,38,890
148,14,38,876
134,14,38,862
120,14,38,848
106,14,38,834
92,14,38,820
78,14,38,806
64,14,38,792
50,14,38,778
36,14,38,764
22,14,38,750
8,14,38,736
-6,14,38,722
-20,14,38,708
694,14,58,2000
680,14,58,2000
666,14,58,2000
652,14,58,2000
638,14,58,2000
624,14,58,2000
610,14,58,2000
596,14,58,2000
582,14,58,2000
568,14,58,2000
554,14,58,2000
540,14,58,2000
526,14,58,2000
512,14,58,2000
498,14,58,2000
484,14,58,2000
470,14,58,2000
456,14,58,2000
442,14,58,2000
428,14,58,2000
414,14,58,2000
400,14,58,2000
386,14,58,2000
372,14,58,2000
358,14,58,2000
344,14,58,2000
330,14,58,2000
316,14,58,2000
302,14,58,2000
288,14,58,2000
274,14,58,2000
260,14,58,2000
246,14,58,2000
232,14,58,2000
218,14,58,2000
204,14,58,2000
190,14,58,1086
176,14,58,1072
162,14,58,1058
148,14,58,1044
134,14,58,1030
120,14,58,1016
106,14,58,1002
92,14,58,988
78,14,58,974
64,14,58,960
50,14,58,946
36,14,58,932
22,14,58,918
8,14,58,904
-6,14,58,890
-20,14,58,876
-34,14,58,862
-48,14,58,848
-62,14,58,834
-76,14,58,820
806,14,58,2000
792,14,58,2000
778,14,58,2000
764,14,58,2000
750,14,58,2000
736,14,58,2000
722,14,58,2000
708,14,58,2000
694,14,58,2000
680,14,58,2000
666,14,58,2000
652,14,58,2000
638,14,58,2000
624,14,58,2000
610,14,58,2000
596,14,58,2000
582,14,58,2000
568,14,58,2000
554,14,58,2000
540,14,58,2000
526,14,58,2000
512,14,58,2000
498,14,58,2000
484,14,58,2000
470,14,58,2000
456,14,58,2000
442,14,58,2000
428,14,58,2000
414,14,58,2000
400,14,58,2000
386,14,58,2000
372,14,58,2000
358,14,58,2000
344,14,58,2000
330,14,58,2000
316,14,58,2000
302,14,58,2000
288,14,58,2000
274,14,58,2000
260,14,58,2000
246,14,58,2000
232,14,58,2000
218,14,58,2000
204,14,58,2000
190,14,58,2000
176,14,58,2000
162,14,58,2000
148,14,58,2000
134,14,58,2000
120,14,58,2000
106,14,58,2000
92,14,58,2000
78,14,58,2000
64,14,58,2000
50,14,58,2000
36,14,58,2000
22,14,58,2000
8,14,58,1086
-6,14,58,1072
-20,14,58,1058
-34,14,58,1044
1030,14,38,2000
1016,14,38,2000
1002,14,38,2000
988,14,38,2000
974,14,38,2000
960,14,38,2000
946,14,38,2000
932,14,38,2000
918,14,38,2000
904,14,38,2000
890,14,38,2000
876,14,38,2000
862,14,38,2000
848,14,38,2000
834,14,38,2000
820,14,38,2000
806,14,38,2000
792,14,38,2000
778,14,38,2000
764,14,38,2000
750,14,38,2000
736,14,38,2000
722,14,38,2000
708,14,38,2000
694,14,38,2000
680,14,38,2000
666,14,38,2000
652,14,38,2000
638,14,38,2000
624,14,38,2000
610,14,38,2000
596,14,38,2000
582,14,38,2000
568,14,38,2000
554,14,38,2000
540,14,38,2000
526,14,38,2000
512,14,38,2000
498,14,38,2000
484,14,38,2000
470,14,38,2000
456,14,38,2000
442,14,38,2000
428,14,38,2000
414,14,38,1086
400,15,38,1072
385,15,38,1057
370,15,38,1042
355,15,38,1027
340,15,38,1012
325,15,38,997
310,15,38,982
295,15,38,967
280,15,38,952
265,15,38,937
250,15,38,922
235,15,38,907
220,15,38,892
205,15,38,877
190,15,38,862
175,15,38,847
160,15,38,832
145,15,38,817
130,15,38,802
115,15,38,787
100,15,38,772
85,15,38,757
70,15,38,742
55,15,38,727
40,15,38,712
25,15,38,697
10,15,38,682
-5,15,38,667
-20,15,38,652
-35,15,38,637
622,15,38,2000
607,15,38,2000
592,15,38,2000
577,15,38,2000
562,15,38,2000
547,15,38,2000
532,15,38,2000
517,15,38,2000
502,15,38,2000
487,15,38,2000
472,15,38,2000
457,15,38,2000
442,15,38,2000
427,15,38,2000
412,15,38,2000
397,15,38,2000
382,15,38,2000
367,15,38,2000
352,15,38,2000
337,15,38,2000
322,15,38,2000
307,15,38,2000
292,15,38,2000
277,15,38,2000
262,15,38,2000
247,15,38,2000
232,15,38,2000
217,15,38,2000
202,15,38,2000
187,15,38,2000
172,15,38,2000
157,15,38,2000
142,15,38,2000
127,15,38,2000
112,15,38,2000
97,15,38,2000
82,15,38,2000
67,15,38,1085
52,15,38,1070
37,15,38,1055
22,15,38,1040
7,15,38,1025
-8,15,38,1010
-23,15,38,995
-38,15,38,980
-53,15,38,965
-68,15,38,950
935,15,58,2000
920,15,58,2000
905,15,58,2000
890,15,58,2000
875,15,58,2000
860,15,58,2000
845,15,58,2000
830,15,58,2000
815,15,58,2000
800,15,58,2000
785,15,58,2000
770,15,58,2000
755,15,58,2000
740,15,58,2000
725,15,58,2000
710,15,58,2000
695,15,58,2000
680,15,58,2000
665,15,58,2000
650,15,58,2000
635,15,58,2000
620,15,58,2000
605,15,58,2000
590,15,58,2000
575,15,58,2000
560,15,58,2000
545,15,58,2000
530,15,58,2000
515,15,58,2000
500,15,58,2000
485,15,58,2000
470,15,58,2000
455,15,58,2000
440,15,58,2000
425,15,58,2000
410,15,58,2000
395,15,58,2000
380,15,58,2000
365,15,58,2000
350,15,58,2000
335,15,58,2000
320,15,58,2000
305,15,58,2000
290,15,58,2000
275,15,58,2000
260,15,58,2000
245,15,58,2000
230,15,58,2000
215,15,58,2000
200,15,58,2000
185,15,58,2000
170,15,58,2000
155,15,58,2000
140,15,58,2000
125,15,58,2000
110,15,58,2000
95,15,58,1085
80,15,58,1070
65,15,58,1055
50,15,58,1040
35,15,58,1025
20,15,58,1010
5,15,58,995
-10,15,58,980
-25,15,58,965
-40,15,58,950
-55,15,58,935
-70,15,58,920
905,15,38,2000
890,15,38,2000
875,15,38,2000
860,15,38,2000
845,15,38,2000
830,15,38,2000
815,15,38,2000
800,15,38,2000
785,15,38,2000
770,15,38,2000
755,15,38,2000
740,15,38,2000
725,15,38,2000
710,15,38,2000
695,15,38,2000
680,15,38,2000
665,15,38,2000
650,15,38,2000
635,15,38,2000
620,15,38,2000
605,15,38,2000
590,15,38,2000
575,15,38,2000
560,15,38,2000
545,15,38,2000
530,15,38,2000
515,15,38,2000
500,15,38,2000
485,15,38,2000
470,15,38,2000
455,15,38,2000
440,15,38,2000
425,15,38,2000
410,15,38,2000
395,15,38,2000
380,15,38,2000
365,15,38,2000
350,15,38,2000
335,15,38,2000
320,15,38,2000
305,15,38,2000
290,15,38,2000
275,15,38,2000
260,15,38,1085
245,15,38,1070
230,15,38,1055
215,15,38,1040
200,15,38,1025
185,15,38,1010
170,15,38,995
155,15,38,980
140,15,38,965
125,15,38,950
110,15,38,935
95,15,38,920
80,15,38,905
65,15,38,890
50,15,38,875
35,15,38,860
20,15,38,845
5,15,38,830
-10,15,38,815
-25,15,38,800
-40,15,38,785
770,15,58,2000
755,15,58,2000
740,15,58,2000
725,15,58,2000
710,15,58,2000
695,15,58,2000
680,15,58,2000
665,15,58,2000
650,15,58,2000
635,15,58,2000
620,15,58,2000
605,15,58,2000
590,15,58,2000
575,15,58,2000
560,15,58,2000
545,15,58,2000
530,15,58,2000
515,15,58,2000
500,15,58,2000
485,15,58,2000
470,15,58,2000
455,15,58,2000
440,15,58,2000
425,15,58,2000
410,15,58,2000
395,15,58,2000
380,15,58,2000
365,15,58,2000
350,15,58,2000
335,15,58,2000
320,15,58,2000
305,15,58,2000
290,15,58,2000
275,15,58,2000
260,15,58,2000
245,15,58,2000
230,15,58,2000
215,15,58,2000
200,15,58,2000
185,15,58,2000
170,15,58,2000
155,15,58,2000
140,15,58,2000
125,15,58,2000
110,15,58,2000
95,15,58,2000
80,15,58,2000
65,15,58,1085
50,15,58,1070
35,15,58,1055
20,15,58,1040
5,15,58,1025
-10,15,58,1010
-25,15,58,995
-40,15,58,980
-55,15,58,965
-70,15,58,950
935,15,83,2000
920,15,83,2000
905,15,83,2000
890,15,83,2000
875,15,83,2000
860,15,83,2000
845,15,83,2000
830,15,83,2000
815,15,83,2000
800,15,83,2000
785,15,83,2000
770,15,83,2000
755,15,83,2000
740,15,83,2000
725,15,83,2000
710,15,83,2000
695,15,83,2000
680,15,83,2000
665,15,83,2000
650,15,83,1085
635,15,83,1070
620,15,83,1055
605,15,83,1040
590,15,83,1025
575,15,83,1010
560,15,83,995
545,15,83,980
530,15,83,965
515,15,83,950
500,15,83,935
485,15,83,920
470,15,83,905
455,15,83,890
440,15,83,875
425,15,83,860
410,15,83,845
395,15,83,830
380,15,83,815
365,15,83,800
350,15,83,785
335,15,83,770
320,15,83,755
305,15,83,740
290,15,83,725
275,15,83,710
260,15,83,695
245,15,83,680
230,15,83,665
215,15,83,650
200,15,83,635
185,15,83,620
170,15,83,605
155,15,83,590
140,15,83,575
125,15,83,560
110,15,83,545
95,15,83,2000
80,15,83,2000
65,15,83,2000
50,15,83,2000
35,15,83,2000
20,15,83,2000
5,15,83,2000
-10,15,83,2000
-25,15,83,2000
-40,15,83,2000
-55,15,83,2000
365,15,58,920
350,15,58,905
335,15,58,890
320,15,58,875
305,15,58,860
290,15,58,845
275,15,58,830
260,15,58,815
245,15,58,800
230,15,58,785
215,15,58,770
200,15,58,755
185,15,58,740
170,15,58,725
155,15,58,710
140,15,58,695
125,15,58,680
110,15,58,665
95,15,58,650
80,15,58,635
65,15,58,2000
50,15,58,2000
35,15,58,2000
20,15,58,2000
5,15,58,2000
-10,15,58,2000
-25,15,58,2000
-40,15,58,2000
-55,15,58,2000
-70,15,58,2000
470,15,38,935
455,15,38,920
440,15,38,905
425,15,38,890
410,15,38,875
395,15,38,860
380,15,38,845
365,15,38,830
350,15,38,815
335,15,38,800
320,15,38,785
305,15,38,770
290,15,38,755
275,15,38,740
260,15,38,725
245,15,38,710
230,15,38,695
215,15,38,680
200,15,38,665
185,15,38,650
170,15,38,635
155,15,38,620
140,15,38,605
125,15,38,590
110,15,38,575
95,15,38,560
80,15,38,545
65,15,38,530
50,15,38,515
35,15,38,500
20,15,38,485
5,15,38,470
-10,15,38,455
-25,15,38,440
-40,15,38,425
-55,15,38,410
-70,15,38,395
380,16,38,1085
364,16,38,1069
348,16,38,1053
332,16,38,1037
316,16,38,1021
300,16,38,1005
284,16,38,989
268,16,38,973
252,16,38,957
236,16,38,941
220,16,38,925
204,16,38,909
188,16,38,893
172,16,38,877
156,16,38,861
1500,10,0,2000
1500,10,0,2000
1090,10,38,2000
1080,10,38,2000
1070,10,38,2000
1060,10,38,2000
1050,10,38,2000
1040,10,38,2000
1030,10,38,2000
1020,10,38,2000
1010,10,38,2000
1000,10,38,2000
990,10,38,2000
980,10,38,2000
970,10,38,2000
960,10,38,2000
950,10,38,2000
940,10,38,2000
930,10,38,2000
920,10,38,2000
